		NATIONAL TECHNICAL UNIVERSITY OF ATHENS
DIONYSOS SATELLITE OBSERVATORY - HIGHER GEODESY LABORATORY
*****************************************************************************
Grid used : 5000 m
Scale Factor : 10000000000 	 Scale Strain : 10^6

block   xcen 	 ycen 	 Kmax 	 Kmin 	 Azimouth 	 ãmax 
(a/a)   (m)  	 (m)  	 (ppm)	 (ppm)	   (deg)  	 (ppm)
*****************************************************************************
1 	 305850 	 4182327 	 +0.205 	 -0.015 	 -15.034 	 +0.220 
2 	 310850 	 4182327 	 +0.064 	 +0.036 	 -22.500 	 +0.028 
3 	 315850 	 4182327 	 +0.052 	 -0.012 	 +54.217 	 +0.063 
5 	 290850 	 4187327 	 +0.459 	 -0.109 	 -13.057 	 +0.568 
6 	 295850 	 4187327 	 +0.390 	 -0.080 	 -11.919 	 +0.470 
7 	 300850 	 4187327 	 +0.232 	 -0.012 	 -17.496 	 +0.244 
8 	 305850 	 4187327 	 +0.153 	 +0.027 	 -35.783 	 +0.126 
9 	 310850 	 4187327 	 +0.100 	 +0.050 	 -39.345 	 +0.051 
10 	 315850 	 4187327 	 +0.070 	 +0.020 	 +50.655 	 +0.051 
12 	 275850 	 4192327 	 +0.459 	 -0.179 	 -16.098 	 +0.638 
13 	 280850 	 4192327 	 +0.459 	 -0.159 	 -14.527 	 +0.618 
14 	 285850 	 4192327 	 +0.418 	 -0.118 	 -13.283 	 +0.537 
15 	 290850 	 4192327 	 +0.307 	 -0.057 	 -15.752 	 +0.364 
16 	 295850 	 4192327 	 +0.194 	 -0.004 	 -24.543 	 +0.198 
17 	 300850 	 4192327 	 +0.174 	 +0.016 	 -35.783 	 +0.158 
18 	 305850 	 4192327 	 +0.151 	 +0.049 	 -39.345 	 +0.102 
19 	 310850 	 4192327 	 +0.110 	 +0.060 	 -39.345 	 +0.051 
20 	 315850 	 4192327 	 +0.062 	 +0.048 	 +67.500 	 +0.014 
22 	 260850 	 4197327 	 +0.378 	 -0.188 	 -23.216 	 +0.566 
23 	 265850 	 4197327 	 +0.316 	 -0.166 	 -19.979 	 +0.483 
24 	 270850 	 4197327 	 +0.285 	 -0.165 	 -16.138 	 +0.449 
25 	 275850 	 4197327 	 +0.254 	 -0.144 	 -14.248 	 +0.398 
26 	 280850 	 4197327 	 +0.209 	 -0.099 	 -14.527 	 +0.309 
27 	 285850 	 4197327 	 +0.150 	 -0.050 	 -18.435 	 +0.200 
28 	 290850 	 4197327 	 +0.139 	 -0.009 	 -30.850 	 +0.148 
29 	 295850 	 4197327 	 +0.145 	 +0.025 	 -32.778 	 +0.121 
30 	 300850 	 4197327 	 +0.162 	 +0.048 	 -37.372 	 +0.114 
31 	 305850 	 4197327 	 +0.152 	 +0.058 	 -35.783 	 +0.095 
32 	 310850 	 4197327 	 +0.130 	 +0.060 	 -40.935 	 +0.071 
33 	 315850 	 4197327 	 +0.072 	 +0.058 	 +112.500 	 +0.014 
34 	 320850 	 4197327 	 +0.341 	 -0.111 	 +119.735 	 +0.453 
36 	 255850 	 4202327 	 +1.402 	 -0.512 	 -1.648 	 +1.913 
37 	 260850 	 4202327 	 +0.790 	 -0.330 	 -9.379 	 +1.119 
38 	 265850 	 4202327 	 +0.328 	 -0.288 	 -27.123 	 +0.616 
39 	 270850 	 4202327 	 +0.112 	 -0.192 	 +123.401 	 +0.305 
40 	 275850 	 4202327 	 +0.007 	 -0.177 	 +78.810 	 +0.184 
41 	 280850 	 4202327 	 +0.089 	 -0.189 	 +55.519 	 +0.279 
42 	 285850 	 4202327 	 +0.006 	 -0.146 	 +33.401 	 +0.152 
43 	 290850 	 4202327 	 +0.014 	 -0.014 	 +22.500 	 +0.028 
44 	 295850 	 4202327 	 +0.090 	 +0.050 	 -45.000 	 +0.040 
45 	 300850 	 4202327 	 +0.120 	 +0.060 	 -45.000 	 +0.060 
46 	 305850 	 4202327 	 +0.120 	 +0.070 	 -39.345 	 +0.051 
47 	 310850 	 4202327 	 +0.120 	 +0.070 	 +129.345 	 +0.051 
48 	 315850 	 4202327 	 +0.084 	 +0.056 	 +112.500 	 +0.028 
49 	 320850 	 4202327 	 +0.358 	 -0.048 	 +127.124 	 +0.405 
51 	 255850 	 4207327 	 +0.270 	 -0.850 	 -24.311 	 +1.119 
52 	 260850 	 4207327 	 +0.266 	 -0.726 	 -24.135 	 +0.992 
53 	 265850 	 4207327 	 +0.214 	 -0.404 	 -27.770 	 +0.619 
54 	 270850 	 4207327 	 +0.237 	 +0.003 	 +119.518 	 +0.233 
55 	 275850 	 4207327 	 +0.294 	 +0.006 	 +73.155 	 +0.288 
56 	 280850 	 4207327 	 +0.415 	 -0.225 	 +58.483 	 +0.640 
57 	 285850 	 4207327 	 +0.413 	 -0.483 	 +48.523 	 +0.897 
58 	 290850 	 4207327 	 +0.218 	 -0.668 	 +39.472 	 +0.886 
59 	 295850 	 4207327 	 +0.142 	 -0.382 	 +53.872 	 +0.525 
60 	 300850 	 4207327 	 +0.071 	 -0.241 	 +47.764 	 +0.311 
61 	 305850 	 4207327 	 +0.074 	 +0.016 	 +60.482 	 +0.058 
62 	 310850 	 4207327 	 +0.108 	 +0.052 	 +112.500 	 +0.057 
63 	 315850 	 4207327 	 +0.086 	 +0.044 	 +112.500 	 +0.042 
64 	 320850 	 4207327 	 +0.253 	 +0.017 	 +128.868 	 +0.235 
66 	 255850 	 4212327 	 +0.232 	 -0.882 	 -26.514 	 +1.114 
67 	 260850 	 4212327 	 +0.192 	 -0.782 	 -27.094 	 +0.974 
68 	 265850 	 4212327 	 +0.158 	 -0.508 	 -31.141 	 +0.666 
69 	 270850 	 4212327 	 +0.244 	 -0.144 	 +117.746 	 +0.388 
70 	 275850 	 4212327 	 +0.467 	 -0.097 	 +99.861 	 +0.563 
71 	 280850 	 4212327 	 +0.437 	 -0.077 	 +96.748 	 +0.514 
72 	 285850 	 4212327 	 +0.256 	 -0.076 	 +102.508 	 +0.331 
73 	 290850 	 4212327 	 -0.005 	 -0.245 	 +22.500 	 +0.240 
74 	 295850 	 4212327 	 +0.250 	 -0.370 	 -45.000 	 +0.620 
75 	 300850 	 4212327 	 +0.190 	 -0.630 	 +45.699 	 +0.820 
76 	 305850 	 4212327 	 +0.239 	 -0.609 	 +55.713 	 +0.849 
77 	 310850 	 4212327 	 +0.139 	 -0.439 	 +52.018 	 +0.577 
78 	 315850 	 4212327 	 +0.050 	 -0.160 	 +46.363 	 +0.210 
79 	 320850 	 4212327 	 +0.127 	 +0.013 	 +112.500 	 +0.113 
80 	 325850 	 4212327 	 +0.499 	 -0.199 	 +121.350 	 +0.698 
82 	 255850 	 4217327 	 +0.242 	 -0.962 	 -27.231 	 +1.204 
83 	 260850 	 4217327 	 +0.157 	 -0.797 	 -28.488 	 +0.954 
84 	 265850 	 4217327 	 +0.129 	 -0.569 	 -31.350 	 +0.698 
85 	 270850 	 4217327 	 +0.195 	 -0.185 	 +123.401 	 +0.381 
86 	 275850 	 4217327 	 +0.455 	 -0.105 	 +102.137 	 +0.559 
87 	 280850 	 4217327 	 +0.405 	 -0.145 	 +106.556 	 +0.549 
88 	 285850 	 4217327 	 +0.312 	 -0.232 	 +116.986 	 +0.544 
89 	 290850 	 4217327 	 +0.299 	 -0.239 	 +119.336 	 +0.539 
90 	 295850 	 4217327 	 +0.236 	 -0.176 	 +123.583 	 +0.412 
91 	 300850 	 4217327 	 +0.085 	 -0.055 	 -34.481 	 +0.139 
92 	 305850 	 4217327 	 +0.130 	 -0.090 	 +42.403 	 +0.221 
93 	 310850 	 4217327 	 +0.080 	 -0.370 	 +36.589 	 +0.449 
94 	 315850 	 4217327 	 -0.004 	 -0.396 	 +37.628 	 +0.393 
95 	 320850 	 4217327 	 +0.037 	 -0.197 	 +80.008 	 +0.234 
96 	 325850 	 4217327 	 +0.386 	 -0.156 	 +120.062 	 +0.542 
98 	 255850 	 4222327 	 +0.264 	 -1.004 	 -26.023 	 +1.268 
99 	 260850 	 4222327 	 +0.194 	 -0.794 	 -27.029 	 +0.988 
100 	 265850 	 4222327 	 +0.123 	 -0.543 	 -28.632 	 +0.666 
101 	 270850 	 4222327 	 +0.130 	 -0.160 	 +134.013 	 +0.290 
102 	 275850 	 4222327 	 +0.327 	 -0.097 	 +111.545 	 +0.424 
103 	 280850 	 4222327 	 +0.338 	 -0.218 	 +119.872 	 +0.556 
104 	 285850 	 4222327 	 +0.335 	 -0.225 	 +120.572 	 +0.559 
105 	 290850 	 4222327 	 +0.354 	 -0.104 	 +116.940 	 +0.458 
106 	 295850 	 4222327 	 +0.292 	 +0.038 	 +122.220 	 +0.255 
107 	 300850 	 4222327 	 +0.323 	 +0.127 	 -37.628 	 +0.196 
108 	 305850 	 4222327 	 +0.374 	 +0.076 	 -25.220 	 +0.298 
109 	 310850 	 4222327 	 +0.152 	 -0.012 	 -37.982 	 +0.165 
110 	 315850 	 4222327 	 -0.100 	 -0.380 	 +42.957 	 +0.281 
111 	 320850 	 4222327 	 -0.019 	 -0.331 	 +66.199 	 +0.311 
112 	 325850 	 4222327 	 +0.099 	 -0.249 	 +99.217 	 +0.348 
114 	 255850 	 4227327 	 +0.243 	 -0.993 	 -25.127 	 +1.236 
115 	 260850 	 4227327 	 +0.221 	 -0.771 	 -24.543 	 +0.992 
116 	 265850 	 4227327 	 +0.170 	 -0.480 	 -23.123 	 +0.651 
117 	 270850 	 4227327 	 +0.139 	 -0.159 	 -23.863 	 +0.297 
118 	 275850 	 4227327 	 +0.184 	 +0.006 	 -36.805 	 +0.177 
119 	 280850 	 4227327 	 +0.265 	 +0.045 	 -29.966 	 +0.220 
120 	 285850 	 4227327 	 +0.383 	 +0.157 	 -22.500 	 +0.226 
121 	 290850 	 4227327 	 +0.517 	 +0.233 	 -21.069 	 +0.283 
122 	 295850 	 4227327 	 +0.606 	 +0.204 	 -17.438 	 +0.402 
123 	 300850 	 4227327 	 +0.658 	 +0.172 	 -18.317 	 +0.486 
124 	 305850 	 4227327 	 +0.686 	 +0.074 	 -25.816 	 +0.612 
125 	 310850 	 4227327 	 +0.795 	 -0.045 	 -40.549 	 +0.840 
126 	 315850 	 4227327 	 +0.295 	 -0.035 	 -37.982 	 +0.330 
127 	 320850 	 4227327 	 +0.061 	 -0.181 	 +32.778 	 +0.242 
128 	 325850 	 4227327 	 +0.033 	 -0.043 	 -33.401 	 +0.076 
129 	 330850 	 4227327 	 +0.132 	 -0.142 	 +39.754 	 +0.275 
131 	 255850 	 4232327 	 +0.231 	 -0.931 	 -24.592 	 +1.163 
132 	 260850 	 4232327 	 +0.225 	 -0.695 	 -21.619 	 +0.920 
133 	 265850 	 4232327 	 +0.210 	 -0.390 	 -14.991 	 +0.600 
134 	 270850 	 4232327 	 +0.221 	 -0.141 	 +3.170 	 +0.362 
135 	 275850 	 4232327 	 +0.341 	 -0.041 	 +23.561 	 +0.382 
136 	 280850 	 4232327 	 +0.524 	 -0.084 	 +21.834 	 +0.608 
137 	 285850 	 4232327 	 +0.626 	 -0.076 	 +5.335 	 +0.702 
138 	 290850 	 4232327 	 +0.719 	 +0.161 	 -7.267 	 +0.558 
139 	 295850 	 4232327 	 +0.764 	 +0.186 	 -11.730 	 +0.578 
140 	 300850 	 4232327 	 +0.767 	 +0.173 	 -16.310 	 +0.594 
141 	 305850 	 4232327 	 +0.814 	 +0.096 	 -27.602 	 +0.718 
142 	 310850 	 4232327 	 +0.981 	 -0.011 	 -43.554 	 +0.991 
143 	 315850 	 4232327 	 +0.730 	 +0.100 	 -44.545 	 +0.630 
144 	 320850 	 4232327 	 +0.501 	 +0.029 	 +3.036 	 +0.473 
145 	 325850 	 4232327 	 +0.770 	 -0.110 	 +0.651 	 +0.880 
146 	 330850 	 4232327 	 +0.932 	 -0.152 	 +2.645 	 +1.085 
148 	 255850 	 4237327 	 +0.216 	 -0.816 	 -22.892 	 +1.032 
149 	 260850 	 4237327 	 +0.240 	 -0.550 	 -17.348 	 +0.791 
150 	 265850 	 4237327 	 +0.213 	 -0.293 	 -9.217 	 +0.506 
151 	 270850 	 4237327 	 +0.284 	 -0.144 	 +18.703 	 +0.428 
152 	 275850 	 4237327 	 +0.468 	 -0.088 	 +29.872 	 +0.556 
153 	 280850 	 4237327 	 +0.591 	 -0.251 	 +35.998 	 +0.841 
154 	 285850 	 4237327 	 +0.699 	 -0.529 	 +36.225 	 +1.227 
155 	 290850 	 4237327 	 +0.945 	 -0.485 	 +36.036 	 +1.429 
156 	 295850 	 4237327 	 +0.728 	 -0.398 	 +15.220 	 +1.125 
157 	 300850 	 4237327 	 +0.709 	 +0.171 	 -7.534 	 +0.539 
158 	 305850 	 4237327 	 +0.806 	 +0.164 	 -26.297 	 +0.642 
159 	 310850 	 4237327 	 +1.164 	 +0.206 	 +128.054 	 +0.958 
160 	 315850 	 4237327 	 +0.645 	 +0.505 	 -10.519 	 +0.139 
161 	 320850 	 4237327 	 +0.927 	 +0.013 	 +11.599 	 +0.914 
162 	 325850 	 4237327 	 +1.200 	 -0.180 	 +8.429 	 +1.379 
163 	 330850 	 4237327 	 +1.260 	 -0.250 	 -0.190 	 +1.510 
165 	 255850 	 4242327 	 +0.198 	 -0.628 	 -19.059 	 +0.826 
166 	 260850 	 4242327 	 +0.197 	 -0.407 	 -14.343 	 +0.604 
167 	 265850 	 4242327 	 +0.200 	 -0.200 	 +0.000 	 +0.400 
168 	 270850 	 4242327 	 +0.420 	 -0.180 	 +26.565 	 +0.600 
169 	 275850 	 4242327 	 +0.582 	 -0.142 	 +32.778 	 +0.725 
170 	 280850 	 4242327 	 +0.672 	 -0.112 	 +35.321 	 +0.784 
171 	 285850 	 4242327 	 +0.706 	 -0.186 	 +37.204 	 +0.893 
172 	 290850 	 4242327 	 +0.725 	 -0.465 	 +41.139 	 +1.191 
173 	 295850 	 4242327 	 +0.779 	 -1.029 	 +35.482 	 +1.809 
174 	 300850 	 4242327 	 +1.146 	 -0.736 	 +39.643 	 +1.883 
175 	 305850 	 4242327 	 +0.778 	 -0.238 	 +39.898 	 +1.016 
176 	 310850 	 4242327 	 +0.749 	 +0.391 	 +76.717 	 +0.358 
177 	 315850 	 4242327 	 +0.886 	 +0.204 	 +19.527 	 +0.682 
178 	 320850 	 4242327 	 +1.144 	 -0.114 	 +9.505 	 +1.259 
179 	 325850 	 4242327 	 +1.255 	 -0.185 	 +11.233 	 +1.439 
180 	 330850 	 4242327 	 +1.521 	 -0.241 	 +4.571 	 +1.762 
181 	 335850 	 4242327 	 +1.384 	 -0.444 	 +6.638 	 +1.829 
183 	 255850 	 4247327 	 +0.116 	 -0.456 	 -18.235 	 +0.572 
184 	 260850 	 4247327 	 +0.118 	 -0.308 	 -14.789 	 +0.425 
185 	 265850 	 4247327 	 +0.222 	 -0.162 	 +13.949 	 +0.385 
186 	 270850 	 4247327 	 +0.500 	 -0.180 	 +30.964 	 +0.680 
187 	 275850 	 4247327 	 +0.646 	 -0.176 	 +34.681 	 +0.823 
188 	 280850 	 4247327 	 +0.711 	 -0.161 	 +35.990 	 +0.873 
189 	 285850 	 4247327 	 +0.730 	 -0.150 	 +36.401 	 +0.879 
190 	 290850 	 4247327 	 +0.698 	 -0.138 	 +36.650 	 +0.835 
191 	 295850 	 4247327 	 +0.612 	 -0.302 	 +38.362 	 +0.914 
192 	 300850 	 4247327 	 +0.483 	 -0.433 	 +41.554 	 +0.917 
193 	 305850 	 4247327 	 +0.151 	 -0.041 	 +31.051 	 +0.192 
194 	 310850 	 4247327 	 +0.412 	 +0.108 	 -11.599 	 +0.305 
195 	 315850 	 4247327 	 +0.671 	 -0.051 	 +9.720 	 +0.721 
196 	 320850 	 4247327 	 +0.811 	 -0.111 	 +14.949 	 +0.923 
197 	 325850 	 4247327 	 +0.959 	 -0.179 	 +15.309 	 +1.139 
198 	 330850 	 4247327 	 +1.043 	 -0.213 	 +12.977 	 +1.257 
199 	 335850 	 4247327 	 +1.246 	 -0.316 	 +3.494 	 +1.562 
201 	 255850 	 4252327 	 +0.048 	 -0.348 	 -24.543 	 +0.397 
202 	 260850 	 4252327 	 +0.092 	 -0.212 	 -11.599 	 +0.305 
203 	 265850 	 4252327 	 +0.299 	 -0.169 	 +24.234 	 +0.468 
204 	 270850 	 4252327 	 +0.548 	 -0.168 	 +33.506 	 +0.717 
205 	 275850 	 4252327 	 +0.630 	 -0.160 	 +35.783 	 +0.791 
206 	 280850 	 4252327 	 +0.648 	 -0.168 	 +36.449 	 +0.816 
207 	 285850 	 4252327 	 +0.619 	 -0.159 	 +36.015 	 +0.778 
208 	 290850 	 4252327 	 +0.548 	 -0.148 	 +35.783 	 +0.696 
209 	 295850 	 4252327 	 +0.467 	 -0.147 	 +35.487 	 +0.614 
210 	 300850 	 4252327 	 +0.341 	 -0.161 	 +33.251 	 +0.502 
211 	 305850 	 4252327 	 +0.322 	 -0.162 	 -3.563 	 +0.484 
212 	 310850 	 4252327 	 +0.545 	 -0.285 	 -7.688 	 +0.830 
213 	 315850 	 4252327 	 +0.440 	 -0.120 	 -1.023 	 +0.560 
214 	 320850 	 4252327 	 +0.292 	 -0.052 	 +17.769 	 +0.344 
215 	 325850 	 4252327 	 +0.269 	 -0.109 	 +28.997 	 +0.377 
216 	 330850 	 4252327 	 +0.293 	 -0.173 	 +32.268 	 +0.465 
217 	 335850 	 4252327 	 +0.349 	 -0.189 	 +22.500 	 +0.537 
219 	 255850 	 4257327 	 -0.190 	 -0.390 	 +92.855 	 +0.201 
220 	 260850 	 4257327 	 +0.051 	 -0.121 	 -5.004 	 +0.173 
221 	 265850 	 4257327 	 +0.330 	 -0.130 	 +27.810 	 +0.460 
222 	 270850 	 4257327 	 +0.469 	 -0.139 	 +34.888 	 +0.607 
223 	 275850 	 4257327 	 +0.462 	 -0.132 	 +36.697 	 +0.595 
224 	 280850 	 4257327 	 +0.420 	 -0.130 	 +37.099 	 +0.551 
225 	 285850 	 4257327 	 +0.387 	 -0.127 	 +38.252 	 +0.514 
226 	 290850 	 4257327 	 +0.352 	 -0.122 	 +35.783 	 +0.474 
227 	 295850 	 4257327 	 +0.296 	 -0.116 	 +33.583 	 +0.412 
228 	 300850 	 4257327 	 +0.106 	 -0.166 	 +18.014 	 +0.272 
229 	 305850 	 4257327 	 -0.001 	 -0.349 	 -9.217 	 +0.348 
230 	 310850 	 4257327 	 +0.028 	 -0.348 	 -12.601 	 +0.376 
231 	 315850 	 4257327 	 +0.064 	 -0.144 	 +8.350 	 +0.209 
232 	 320850 	 4257327 	 +0.141 	 -0.221 	 +48.170 	 +0.362 
233 	 325850 	 4257327 	 +0.236 	 -0.416 	 +58.675 	 +0.653 
234 	 330850 	 4257327 	 +0.217 	 -0.467 	 +58.470 	 +0.684 
235 	 335850 	 4257327 	 +0.170 	 -0.400 	 +55.807 	 +0.570 
237 	 255850 	 4262327 	 -0.038 	 -0.392 	 +59.370 	 +0.354 
238 	 260850 	 4262327 	 +0.063 	 -0.133 	 +37.628 	 +0.196 
239 	 265850 	 4262327 	 +0.287 	 -0.077 	 +29.248 	 +0.364 
240 	 270850 	 4262327 	 +0.329 	 -0.079 	 +32.662 	 +0.407 
241 	 275850 	 4262327 	 +0.328 	 -0.098 	 +33.224 	 +0.425 
242 	 280850 	 4262327 	 +0.335 	 -0.095 	 +34.099 	 +0.431 
243 	 285850 	 4262327 	 +0.332 	 -0.092 	 +35.355 	 +0.424 
244 	 290850 	 4262327 	 +0.281 	 -0.111 	 +35.321 	 +0.392 
245 	 295850 	 4262327 	 +0.076 	 -0.136 	 +20.593 	 +0.213 
246 	 300850 	 4262327 	 -0.044 	 -0.346 	 -17.108 	 +0.302 
247 	 305850 	 4262327 	 -0.049 	 -0.341 	 -15.482 	 +0.292 
248 	 310850 	 4262327 	 +0.004 	 -0.204 	 +8.350 	 +0.209 
249 	 315850 	 4262327 	 +0.056 	 -0.166 	 +35.783 	 +0.221 
250 	 320850 	 4262327 	 +0.080 	 -0.230 	 +55.386 	 +0.310 
251 	 325850 	 4262327 	 +0.148 	 -0.398 	 +62.281 	 +0.546 
252 	 330850 	 4262327 	 +0.168 	 -0.548 	 +62.955 	 +0.716 
253 	 335850 	 4262327 	 +0.178 	 -0.578 	 +63.738 	 +0.756 
255 	 255850 	 4267327 	 +0.270 	 -0.140 	 +22.500 	 +0.410 
256 	 260850 	 4267327 	 +0.332 	 -0.052 	 +19.330 	 +0.384 
257 	 265850 	 4267327 	 +0.310 	 +0.040 	 +19.495 	 +0.270 
258 	 270850 	 4267327 	 +0.316 	 -0.056 	 +26.873 	 +0.372 
259 	 275850 	 4267327 	 +0.329 	 -0.079 	 +29.518 	 +0.408 
260 	 280850 	 4267327 	 +0.321 	 -0.081 	 +31.717 	 +0.402 
261 	 285850 	 4267327 	 +0.275 	 -0.075 	 +33.185 	 +0.349 
262 	 290850 	 4267327 	 +0.099 	 -0.099 	 +22.500 	 +0.198 
263 	 295850 	 4267327 	 -0.023 	 -0.287 	 -14.738 	 +0.264 
264 	 300850 	 4267327 	 -0.025 	 -0.285 	 -7.821 	 +0.260 
265 	 305850 	 4267327 	 +0.018 	 -0.208 	 +20.712 	 +0.227 
266 	 310850 	 4267327 	 +0.034 	 -0.194 	 +37.372 	 +0.228 
267 	 315850 	 4267327 	 +0.034 	 -0.174 	 +36.650 	 +0.209 
268 	 320850 	 4267327 	 +0.062 	 -0.142 	 +39.345 	 +0.204 
269 	 325850 	 4267327 	 +0.141 	 -0.221 	 +48.170 	 +0.362 
270 	 330850 	 4267327 	 +0.178 	 -0.358 	 +58.283 	 +0.537 
271 	 335850 	 4267327 	 +0.186 	 -0.526 	 +64.079 	 +0.712 
274 	 260850 	 4272327 	 +0.384 	 +0.016 	 +11.190 	 +0.368 
275 	 265850 	 4272327 	 +0.384 	 +0.136 	 -7.018 	 +0.247 
276 	 270850 	 4272327 	 +0.334 	 +0.096 	 +13.823 	 +0.237 
277 	 275850 	 4272327 	 +0.296 	 -0.046 	 +26.063 	 +0.342 
278 	 280850 	 4272327 	 +0.245 	 -0.075 	 +28.902 	 +0.319 
279 	 285850 	 4272327 	 +0.122 	 -0.062 	 +24.699 	 +0.184 
280 	 290850 	 4272327 	 +0.011 	 -0.171 	 -3.170 	 +0.181 
281 	 295850 	 4272327 	 +0.000 	 -0.220 	 +2.597 	 +0.221 
282 	 300850 	 4272327 	 +0.045 	 -0.195 	 +22.500 	 +0.240 
283 	 305850 	 4272327 	 +0.034 	 -0.164 	 +20.457 	 +0.198 
284 	 310850 	 4272327 	 +0.040 	 -0.160 	 +18.435 	 +0.200 
285 	 315850 	 4272327 	 +0.037 	 -0.147 	 +22.500 	 +0.184 
286 	 320850 	 4272327 	 +0.080 	 -0.130 	 +32.327 	 +0.210 
287 	 325850 	 4272327 	 +0.193 	 -0.153 	 +39.996 	 +0.345 
288 	 330850 	 4272327 	 +0.261 	 -0.161 	 +42.280 	 +0.422 
289 	 335850 	 4272327 	 +0.251 	 -0.201 	 +48.170 	 +0.453 
292 	 265850 	 4277327 	 +0.410 	 +0.150 	 -16.236 	 +0.261 
293 	 270850 	 4277327 	 +0.377 	 +0.193 	 -22.500 	 +0.184 
294 	 275850 	 4277327 	 +0.251 	 +0.089 	 +3.563 	 +0.161 
295 	 280850 	 4277327 	 +0.154 	 -0.044 	 +20.457 	 +0.198 
296 	 285850 	 4277327 	 +0.068 	 -0.098 	 +12.508 	 +0.166 
297 	 290850 	 4277327 	 +0.052 	 -0.152 	 +5.655 	 +0.204 
298 	 295850 	 4277327 	 +0.063 	 -0.133 	 +7.372 	 +0.196 
299 	 300850 	 4277327 	 +0.053 	 -0.163 	 +6.696 	 +0.216 
300 	 305850 	 4277327 	 +0.033 	 -0.163 	 +7.372 	 +0.196 
301 	 310850 	 4277327 	 +0.019 	 -0.159 	 +13.283 	 +0.179 
302 	 315850 	 4277327 	 +0.037 	 -0.147 	 +22.500 	 +0.184 
303 	 320850 	 4277327 	 +0.126 	 -0.126 	 +35.783 	 +0.253 
304 	 325850 	 4277327 	 +0.252 	 -0.152 	 +40.735 	 +0.404 
305 	 330850 	 4277327 	 +0.282 	 -0.162 	 +41.117 	 +0.444 
308 	 265850 	 4282327 	 +0.392 	 +0.138 	 -24.090 	 +0.255 
309 	 270850 	 4282327 	 +0.402 	 +0.148 	 -39.345 	 +0.255 
310 	 275850 	 4282327 	 +0.301 	 +0.119 	 -41.830 	 +0.181 
311 	 280850 	 4282327 	 +0.135 	 +0.015 	 -12.222 	 +0.121 
312 	 285850 	 4282327 	 +0.071 	 -0.081 	 +5.655 	 +0.153 
313 	 290850 	 4282327 	 +0.051 	 -0.121 	 +5.004 	 +0.173 
314 	 295850 	 4282327 	 +0.041 	 -0.141 	 +3.170 	 +0.181 
315 	 300850 	 4282327 	 +0.031 	 -0.151 	 +3.170 	 +0.181 
316 	 305850 	 4282327 	 +0.022 	 -0.162 	 +6.264 	 +0.184 
317 	 310850 	 4282327 	 +0.037 	 -0.147 	 +11.190 	 +0.184 
318 	 315850 	 4282327 	 +0.069 	 -0.129 	 +22.500 	 +0.198 
319 	 320850 	 4282327 	 +0.194 	 -0.124 	 +38.638 	 +0.318 
320 	 325850 	 4282327 	 +0.293 	 -0.143 	 +40.377 	 +0.436 
325 	 275850 	 4287327 	 +0.480 	 +0.020 	 -45.000 	 +0.460 
326 	 280850 	 4287327 	 +0.331 	 -0.021 	 -42.550 	 +0.351 
327 	 285850 	 4287327 	 +0.119 	 -0.029 	 -30.850 	 +0.148 
328 	 290850 	 4287327 	 +0.041 	 -0.101 	 -4.065 	 +0.141 
329 	 295850 	 4287327 	 +0.030 	 -0.130 	 +0.000 	 +0.160 
330 	 300850 	 4287327 	 +0.030 	 -0.140 	 +1.683 	 +0.170 
331 	 305850 	 4287327 	 +0.041 	 -0.151 	 +4.486 	 +0.192 
332 	 310850 	 4287327 	 +0.039 	 -0.139 	 +13.283 	 +0.179 
333 	 315850 	 4287327 	 +0.105 	 -0.115 	 +29.966 	 +0.220 
334 	 320850 	 4287327 	 +0.244 	 -0.124 	 +38.736 	 +0.369 
339 	 285850 	 4292327 	 +0.390 	 -0.070 	 -43.755 	 +0.460 
340 	 290850 	 4292327 	 +0.163 	 -0.073 	 -38.868 	 +0.235 
341 	 295850 	 4292327 	 +0.037 	 -0.097 	 -13.283 	 +0.134 
342 	 300850 	 4292327 	 +0.031 	 -0.131 	 -3.563 	 +0.161 
343 	 305850 	 4292327 	 +0.020 	 -0.130 	 +1.907 	 +0.150 
344 	 310850 	 4292327 	 +0.048 	 -0.118 	 +12.508 	 +0.166 
345 	 315850 	 4292327 	 +0.151 	 -0.091 	 +32.778 	 +0.242 
350 	 295850 	 4297327 	 +0.162 	 -0.062 	 -39.848 	 +0.224 
351 	 300850 	 4297327 	 +0.037 	 -0.097 	 -13.283 	 +0.134 
352 	 305850 	 4297327 	 +0.050 	 -0.100 	 +1.907 	 +0.150 
353 	 310850 	 4297327 	 +0.076 	 -0.096 	 +17.769 	 +0.172 
358 	 305850 	 4302327 	 +0.040 	 -0.050 	 -3.170 	 +0.091 
*****************************************************************************
