polyline
0 0
0 305850.457 4182326.541 0.0 0.0
0 305319.283 4184304.174 0.0 0.0
1 0
0 305850.457 4182326.541 0.0 0.0
0 305993.125 4182364.860 0.0 0.0
2 0
0 305850.457 4182326.541 0.0 0.0
0 306381.631 4180348.908 0.0 0.0
3 0
0 305850.457 4182326.541 0.0 0.0
0 305707.789 4182288.222 0.0 0.0
0 0
0 310850.457 4182326.541 0.0 0.0
0 310604.996 4182919.137 0.0 0.0
1 0
0 310850.457 4182326.541 0.0 0.0
0 310519.174 4182189.319 0.0 0.0
2 0
0 310850.457 4182326.541 0.0 0.0
0 311095.918 4181733.945 0.0 0.0
3 0
0 310850.457 4182326.541 0.0 0.0
0 311181.740 4182463.763 0.0 0.0
0 0
0 315850.457 4182326.541 0.0 0.0
0 316269.243 4182628.385 0.0 0.0
1 0
0 315850.457 4182326.541 0.0 0.0
0 315918.417 4182232.252 0.0 0.0
2 0
0 315850.457 4182326.541 0.0 0.0
0 315431.671 4182024.697 0.0 0.0
3 0
0 315850.457 4182326.541 0.0 0.0
0 315782.497 4182420.830 0.0 0.0
0 0
0 290850.457 4187326.541 0.0 0.0
0 289813.510 4191797.768 0.0 0.0
1 0
0 290850.457 4187326.541 0.0 0.0
0 291912.173 4187572.769 0.0 0.0
2 0
0 290850.457 4187326.541 0.0 0.0
0 291887.404 4182855.314 0.0 0.0
3 0
0 290850.457 4187326.541 0.0 0.0
0 289788.741 4187080.313 0.0 0.0
0 0
0 295850.457 4187326.541 0.0 0.0
0 295044.861 4191142.974 0.0 0.0
1 0
0 295850.457 4187326.541 0.0 0.0
0 296633.729 4187491.879 0.0 0.0
2 0
0 295850.457 4187326.541 0.0 0.0
0 296656.053 4183510.108 0.0 0.0
3 0
0 295850.457 4187326.541 0.0 0.0
0 295067.185 4187161.203 0.0 0.0
0 0
0 300850.457 4187326.541 0.0 0.0
0 300152.777 4189539.838 0.0 0.0
1 0
0 300850.457 4187326.541 0.0 0.0
0 300965.531 4187362.815 0.0 0.0
2 0
0 300850.457 4187326.541 0.0 0.0
0 301548.137 4185113.244 0.0 0.0
3 0
0 300850.457 4187326.541 0.0 0.0
0 300735.383 4187290.267 0.0 0.0
0 0
0 305850.457 4187326.541 0.0 0.0
0 304954.414 4188569.734 0.0 0.0
1 0
0 305850.457 4187326.541 0.0 0.0
0 305633.414 4187170.105 0.0 0.0
2 0
0 305850.457 4187326.541 0.0 0.0
0 306746.500 4186083.348 0.0 0.0
3 0
0 305850.457 4187326.541 0.0 0.0
0 306067.500 4187482.977 0.0 0.0
0 0
0 310850.457 4187326.541 0.0 0.0
0 310213.329 4188103.712 0.0 0.0
1 0
0 310850.457 4187326.541 0.0 0.0
0 310467.615 4187012.685 0.0 0.0
2 0
0 310850.457 4187326.541 0.0 0.0
0 311487.585 4186549.370 0.0 0.0
3 0
0 310850.457 4187326.541 0.0 0.0
0 311233.299 4187640.397 0.0 0.0
0 0
0 315850.457 4187326.541 0.0 0.0
0 316395.625 4187773.472 0.0 0.0
1 0
0 315850.457 4187326.541 0.0 0.0
0 315726.798 4187477.381 0.0 0.0
2 0
0 315850.457 4187326.541 0.0 0.0
0 315305.289 4186879.610 0.0 0.0
3 0
0 315850.457 4187326.541 0.0 0.0
0 315974.116 4187175.701 0.0 0.0
0 0
0 275850.457 4192326.541 0.0 0.0
0 274577.577 4196737.152 0.0 0.0
1 0
0 275850.457 4192326.541 0.0 0.0
0 277570.857 4192823.040 0.0 0.0
2 0
0 275850.457 4192326.541 0.0 0.0
0 277123.337 4187915.930 0.0 0.0
3 0
0 275850.457 4192326.541 0.0 0.0
0 274130.057 4191830.042 0.0 0.0
0 0
0 280850.457 4192326.541 0.0 0.0
0 279699.424 4196768.521 0.0 0.0
1 0
0 280850.457 4192326.541 0.0 0.0
0 282388.353 4192725.050 0.0 0.0
2 0
0 280850.457 4192326.541 0.0 0.0
0 282001.490 4187884.561 0.0 0.0
3 0
0 280850.457 4192326.541 0.0 0.0
0 279312.561 4191928.032 0.0 0.0
0 0
0 285850.457 4192326.541 0.0 0.0
0 284889.336 4196397.916 0.0 0.0
1 0
0 285850.457 4192326.541 0.0 0.0
0 287002.085 4192598.403 0.0 0.0
2 0
0 285850.457 4192326.541 0.0 0.0
0 286811.578 4188255.166 0.0 0.0
3 0
0 285850.457 4192326.541 0.0 0.0
0 284698.829 4192054.679 0.0 0.0
0 0
0 290850.457 4192326.541 0.0 0.0
0 290017.577 4195279.290 0.0 0.0
1 0
0 290850.457 4192326.541 0.0 0.0
0 291397.093 4192480.730 0.0 0.0
2 0
0 290850.457 4192326.541 0.0 0.0
0 291683.337 4189373.792 0.0 0.0
3 0
0 290850.457 4192326.541 0.0 0.0
0 290303.821 4192172.352 0.0 0.0
0 0
0 295850.457 4192326.541 0.0 0.0
0 295043.607 4194093.513 0.0 0.0
1 0
0 295850.457 4192326.541 0.0 0.0
0 295889.091 4192344.183 0.0 0.0
2 0
0 295850.457 4192326.541 0.0 0.0
0 296657.307 4190559.569 0.0 0.0
3 0
0 295850.457 4192326.541 0.0 0.0
0 295811.823 4192308.899 0.0 0.0
0 0
0 300850.457 4192326.541 0.0 0.0
0 299832.728 4193738.564 0.0 0.0
1 0
0 300850.457 4192326.541 0.0 0.0
0 300721.120 4192233.320 0.0 0.0
2 0
0 300850.457 4192326.541 0.0 0.0
0 301868.186 4190914.518 0.0 0.0
3 0
0 300850.457 4192326.541 0.0 0.0
0 300979.794 4192419.762 0.0 0.0
0 0
0 305850.457 4192326.541 0.0 0.0
0 304893.196 4193494.212 0.0 0.0
1 0
0 305850.457 4192326.541 0.0 0.0
0 305471.444 4192015.824 0.0 0.0
2 0
0 305850.457 4192326.541 0.0 0.0
0 306807.718 4191158.870 0.0 0.0
3 0
0 305850.457 4192326.541 0.0 0.0
0 306229.470 4192637.258 0.0 0.0
0 0
0 310850.457 4192326.541 0.0 0.0
0 310149.930 4193181.046 0.0 0.0
1 0
0 310850.457 4192326.541 0.0 0.0
0 310390.281 4191949.287 0.0 0.0
2 0
0 310850.457 4192326.541 0.0 0.0
0 311550.984 4191472.036 0.0 0.0
3 0
0 310850.457 4192326.541 0.0 0.0
0 311310.633 4192703.795 0.0 0.0
0 0
0 315850.457 4192326.541 0.0 0.0
0 316423.919 4192564.077 0.0 0.0
1 0
0 315850.457 4192326.541 0.0 0.0
0 315667.041 4192769.347 0.0 0.0
2 0
0 315850.457 4192326.541 0.0 0.0
0 315276.995 4192089.005 0.0 0.0
3 0
0 315850.457 4192326.541 0.0 0.0
0 316033.873 4191883.735 0.0 0.0
0 0
0 260850.457 4197326.541 0.0 0.0
0 259360.655 4200799.822 0.0 0.0
1 0
0 260850.457 4197326.541 0.0 0.0
0 262577.591 4198067.364 0.0 0.0
2 0
0 260850.457 4197326.541 0.0 0.0
0 262340.259 4193853.260 0.0 0.0
3 0
0 260850.457 4197326.541 0.0 0.0
0 259123.323 4196585.718 0.0 0.0
0 0
0 265850.457 4197326.541 0.0 0.0
0 264769.576 4200299.663 0.0 0.0
1 0
0 265850.457 4197326.541 0.0 0.0
0 267413.850 4197894.914 0.0 0.0
2 0
0 265850.457 4197326.541 0.0 0.0
0 266931.338 4194353.419 0.0 0.0
3 0
0 265850.457 4197326.541 0.0 0.0
0 264287.064 4196758.168 0.0 0.0
0 0
0 270850.457 4197326.541 0.0 0.0
0 270059.075 4200061.569 0.0 0.0
1 0
0 270850.457 4197326.541 0.0 0.0
0 272432.770 4197784.384 0.0 0.0
2 0
0 270850.457 4197326.541 0.0 0.0
0 271641.839 4194591.513 0.0 0.0
3 0
0 270850.457 4197326.541 0.0 0.0
0 269268.144 4196868.698 0.0 0.0
0 0
0 275850.457 4197326.541 0.0 0.0
0 275225.018 4199789.604 0.0 0.0
1 0
0 275850.457 4197326.541 0.0 0.0
0 277247.356 4197681.252 0.0 0.0
2 0
0 275850.457 4197326.541 0.0 0.0
0 276475.896 4194863.478 0.0 0.0
3 0
0 275850.457 4197326.541 0.0 0.0
0 274453.558 4196971.830 0.0 0.0
0 0
0 280850.457 4197326.541 0.0 0.0
0 280325.109 4199353.926 0.0 0.0
1 0
0 280850.457 4197326.541 0.0 0.0
0 281813.011 4197575.964 0.0 0.0
2 0
0 280850.457 4197326.541 0.0 0.0
0 281375.805 4195299.156 0.0 0.0
3 0
0 280850.457 4197326.541 0.0 0.0
0 279887.903 4197077.118 0.0 0.0
0 0
0 285850.457 4197326.541 0.0 0.0
0 285376.115 4198749.566 0.0 0.0
1 0
0 285850.457 4197326.541 0.0 0.0
0 286324.799 4197484.655 0.0 0.0
2 0
0 285850.457 4197326.541 0.0 0.0
0 286324.799 4195903.516 0.0 0.0
3 0
0 285850.457 4197326.541 0.0 0.0
0 285376.115 4197168.427 0.0 0.0
0 0
0 290850.457 4197326.541 0.0 0.0
0 290138.586 4198518.368 0.0 0.0
1 0
0 290850.457 4197326.541 0.0 0.0
0 290926.213 4197371.790 0.0 0.0
2 0
0 290850.457 4197326.541 0.0 0.0
0 291562.328 4196134.714 0.0 0.0
3 0
0 290850.457 4197326.541 0.0 0.0
0 290774.701 4197281.292 0.0 0.0
0 0
0 295850.457 4197326.541 0.0 0.0
0 295063.200 4198549.155 0.0 0.0
1 0
0 295850.457 4197326.541 0.0 0.0
0 295643.755 4197193.443 0.0 0.0
2 0
0 295850.457 4197326.541 0.0 0.0
0 296637.714 4196103.927 0.0 0.0
3 0
0 295850.457 4197326.541 0.0 0.0
0 296057.159 4197459.639 0.0 0.0
0 0
0 300850.457 4197326.541 0.0 0.0
0 299867.074 4198614.036 0.0 0.0
1 0
0 300850.457 4197326.541 0.0 0.0
0 300469.068 4197035.237 0.0 0.0
2 0
0 300850.457 4197326.541 0.0 0.0
0 301833.840 4196039.046 0.0 0.0
3 0
0 300850.457 4197326.541 0.0 0.0
0 301231.846 4197617.845 0.0 0.0
0 0
0 305850.457 4197326.541 0.0 0.0
0 304959.159 4198563.151 0.0 0.0
1 0
0 305850.457 4197326.541 0.0 0.0
0 305383.459 4196989.948 0.0 0.0
2 0
0 305850.457 4197326.541 0.0 0.0
0 306741.755 4196089.931 0.0 0.0
3 0
0 305850.457 4197326.541 0.0 0.0
0 306317.455 4197663.134 0.0 0.0
0 0
0 310850.457 4197326.541 0.0 0.0
0 309996.367 4198311.316 0.0 0.0
1 0
0 310850.457 4197326.541 0.0 0.0
0 310399.869 4196935.748 0.0 0.0
2 0
0 310850.457 4197326.541 0.0 0.0
0 311704.547 4196341.766 0.0 0.0
3 0
0 310850.457 4197326.541 0.0 0.0
0 311301.045 4197717.334 0.0 0.0
0 0
0 315850.457 4197326.541 0.0 0.0
0 316516.307 4197050.737 0.0 0.0
1 0
0 315850.457 4197326.541 0.0 0.0
0 316072.141 4197861.735 0.0 0.0
2 0
0 315850.457 4197326.541 0.0 0.0
0 315184.607 4197602.345 0.0 0.0
3 0
0 315850.457 4197326.541 0.0 0.0
0 315628.773 4196791.347 0.0 0.0
0 0
0 320850.457 4197326.541 0.0 0.0
0 323814.793 4195633.303 0.0 0.0
1 0
0 320850.457 4197326.541 0.0 0.0
0 320297.999 4196359.358 0.0 0.0
2 0
0 320850.457 4197326.541 0.0 0.0
0 317886.121 4199019.779 0.0 0.0
3 0
0 320850.457 4197326.541 0.0 0.0
0 321402.915 4198293.724 0.0 0.0
0 0
0 255850.457 4202326.541 0.0 0.0
0 255447.361 4216336.568 0.0 0.0
1 0
0 255850.457 4202326.541 0.0 0.0
0 260964.165 4202473.672 0.0 0.0
2 0
0 255850.457 4202326.541 0.0 0.0
0 256253.553 4188316.514 0.0 0.0
3 0
0 255850.457 4202326.541 0.0 0.0
0 250736.749 4202179.410 0.0 0.0
0 0
0 260850.457 4202326.541 0.0 0.0
0 259563.431 4210118.283 0.0 0.0
1 0
0 260850.457 4202326.541 0.0 0.0
0 264103.696 4202863.905 0.0 0.0
2 0
0 260850.457 4202326.541 0.0 0.0
0 262137.483 4194534.799 0.0 0.0
3 0
0 260850.457 4202326.541 0.0 0.0
0 257597.218 4201789.177 0.0 0.0
0 0
0 265850.457 4202326.541 0.0 0.0
0 264354.828 4205246.358 0.0 0.0
1 0
0 265850.457 4202326.541 0.0 0.0
0 268414.262 4203639.808 0.0 0.0
2 0
0 265850.457 4202326.541 0.0 0.0
0 267346.086 4199406.724 0.0 0.0
3 0
0 265850.457 4202326.541 0.0 0.0
0 263286.652 4201013.274 0.0 0.0
0 0
0 270850.457 4202326.541 0.0 0.0
0 271788.113 4201708.254 0.0 0.0
1 0
0 270850.457 4202326.541 0.0 0.0
0 269791.778 4200721.012 0.0 0.0
2 0
0 270850.457 4202326.541 0.0 0.0
0 269912.801 4202944.828 0.0 0.0
3 0
0 270850.457 4202326.541 0.0 0.0
0 271909.136 4203932.070 0.0 0.0
0 0
0 275850.457 4202326.541 0.0 0.0
0 275918.380 4202339.978 0.0 0.0
1 0
0 275850.457 4202326.541 0.0 0.0
0 276193.803 4200590.938 0.0 0.0
2 0
0 275850.457 4202326.541 0.0 0.0
0 275782.534 4202313.104 0.0 0.0
3 0
0 275850.457 4202326.541 0.0 0.0
0 275507.111 4204062.144 0.0 0.0
0 0
0 280850.457 4202326.541 0.0 0.0
0 281586.434 4202832.010 0.0 0.0
1 0
0 280850.457 4202326.541 0.0 0.0
0 281922.062 4200766.252 0.0 0.0
2 0
0 280850.457 4202326.541 0.0 0.0
0 280114.480 4201821.072 0.0 0.0
3 0
0 280850.457 4202326.541 0.0 0.0
0 279778.852 4203886.830 0.0 0.0
0 0
0 285850.457 4202326.541 0.0 0.0
0 285884.355 4202377.948 0.0 0.0
1 0
0 285850.457 4202326.541 0.0 0.0
0 287070.642 4201521.956 0.0 0.0
2 0
0 285850.457 4202326.541 0.0 0.0
0 285816.559 4202275.134 0.0 0.0
3 0
0 285850.457 4202326.541 0.0 0.0
0 284630.272 4203131.126 0.0 0.0
0 0
0 290850.457 4202326.541 0.0 0.0
0 290904.577 4202457.197 0.0 0.0
1 0
0 290850.457 4202326.541 0.0 0.0
0 290981.113 4202272.421 0.0 0.0
2 0
0 290850.457 4202326.541 0.0 0.0
0 290796.337 4202195.885 0.0 0.0
3 0
0 290850.457 4202326.541 0.0 0.0
0 290719.801 4202380.661 0.0 0.0
0 0
0 295850.457 4202326.541 0.0 0.0
0 295214.061 4202962.937 0.0 0.0
1 0
0 295850.457 4202326.541 0.0 0.0
0 295496.904 4201972.988 0.0 0.0
2 0
0 295850.457 4202326.541 0.0 0.0
0 296486.853 4201690.145 0.0 0.0
3 0
0 295850.457 4202326.541 0.0 0.0
0 296204.010 4202680.094 0.0 0.0
0 0
0 300850.457 4202326.541 0.0 0.0
0 300001.929 4203175.069 0.0 0.0
1 0
0 300850.457 4202326.541 0.0 0.0
0 300426.193 4201902.277 0.0 0.0
2 0
0 300850.457 4202326.541 0.0 0.0
0 301698.985 4201478.013 0.0 0.0
3 0
0 300850.457 4202326.541 0.0 0.0
0 301274.721 4202750.805 0.0 0.0
0 0
0 305850.457 4202326.541 0.0 0.0
0 305086.531 4203258.380 0.0 0.0
1 0
0 305850.457 4202326.541 0.0 0.0
0 305312.946 4201885.888 0.0 0.0
2 0
0 305850.457 4202326.541 0.0 0.0
0 306614.383 4201394.702 0.0 0.0
3 0
0 305850.457 4202326.541 0.0 0.0
0 306387.968 4202767.194 0.0 0.0
0 0
0 310850.457 4202326.541 0.0 0.0
0 311782.296 4201562.615 0.0 0.0
1 0
0 310850.457 4202326.541 0.0 0.0
0 311291.110 4202864.052 0.0 0.0
2 0
0 310850.457 4202326.541 0.0 0.0
0 309918.618 4203090.467 0.0 0.0
3 0
0 310850.457 4202326.541 0.0 0.0
0 310409.804 4201789.030 0.0 0.0
0 0
0 315850.457 4202326.541 0.0 0.0
0 316627.829 4202004.543 0.0 0.0
1 0
0 315850.457 4202326.541 0.0 0.0
0 316064.216 4202842.600 0.0 0.0
2 0
0 315850.457 4202326.541 0.0 0.0
0 315073.085 4202648.539 0.0 0.0
3 0
0 315850.457 4202326.541 0.0 0.0
0 315636.698 4201810.482 0.0 0.0
0 0
0 320850.457 4202326.541 0.0 0.0
0 323701.762 4200168.206 0.0 0.0
1 0
0 320850.457 4202326.541 0.0 0.0
0 320563.120 4201946.950 0.0 0.0
2 0
0 320850.457 4202326.541 0.0 0.0
0 317999.152 4204484.876 0.0 0.0
3 0
0 320850.457 4202326.541 0.0 0.0
0 321137.794 4202706.132 0.0 0.0
0 0
0 255850.457 4207326.541 0.0 0.0
0 254740.010 4209784.680 0.0 0.0
1 0
0 255850.457 4207326.541 0.0 0.0
0 263594.287 4210824.762 0.0 0.0
2 0
0 255850.457 4207326.541 0.0 0.0
0 256960.904 4204868.402 0.0 0.0
3 0
0 255850.457 4207326.541 0.0 0.0
0 248106.627 4203828.320 0.0 0.0
0 0
0 260850.457 4207326.541 0.0 0.0
0 259763.695 4209752.024 0.0 0.0
1 0
0 260850.457 4207326.541 0.0 0.0
0 267473.821 4210294.206 0.0 0.0
2 0
0 260850.457 4207326.541 0.0 0.0
0 261937.219 4204901.058 0.0 0.0
3 0
0 260850.457 4207326.541 0.0 0.0
0 254227.093 4204358.876 0.0 0.0
0 0
0 265850.457 4207326.541 0.0 0.0
0 264852.121 4209222.492 0.0 0.0
1 0
0 265850.457 4207326.541 0.0 0.0
0 269427.582 4209210.120 0.0 0.0
2 0
0 265850.457 4207326.541 0.0 0.0
0 266848.793 4205430.590 0.0 0.0
3 0
0 265850.457 4207326.541 0.0 0.0
0 262273.332 4205442.962 0.0 0.0
0 0
0 270850.457 4207326.541 0.0 0.0
0 272909.516 4206160.722 0.0 0.0
1 0
0 270850.457 4207326.541 0.0 0.0
0 270867.115 4207355.962 0.0 0.0
2 0
0 270850.457 4207326.541 0.0 0.0
0 268791.398 4208492.360 0.0 0.0
3 0
0 270850.457 4207326.541 0.0 0.0
0 270833.799 4207297.120 0.0 0.0
0 0
0 275850.457 4207326.541 0.0 0.0
0 278666.433 4208179.150 0.0 0.0
1 0
0 275850.457 4207326.541 0.0 0.0
0 275833.713 4207381.841 0.0 0.0
2 0
0 275850.457 4207326.541 0.0 0.0
0 273034.481 4206473.932 0.0 0.0
3 0
0 275850.457 4207326.541 0.0 0.0
0 275867.201 4207271.241 0.0 0.0
0 0
0 280850.457 4207326.541 0.0 0.0
0 284386.266 4209494.743 0.0 0.0
1 0
0 280850.457 4207326.541 0.0 0.0
0 282025.427 4205410.451 0.0 0.0
2 0
0 280850.457 4207326.541 0.0 0.0
0 277314.648 4205158.339 0.0 0.0
3 0
0 280850.457 4207326.541 0.0 0.0
0 279675.487 4209242.631 0.0 0.0
0 0
0 285850.457 4207326.541 0.0 0.0
0 288947.629 4210064.483 0.0 0.0
1 0
0 285850.457 4207326.541 0.0 0.0
0 289052.023 4203704.915 0.0 0.0
2 0
0 285850.457 4207326.541 0.0 0.0
0 282753.285 4204588.599 0.0 0.0
3 0
0 285850.457 4207326.541 0.0 0.0
0 282648.891 4210948.167 0.0 0.0
0 0
0 290850.457 4207326.541 0.0 0.0
0 292237.721 4209011.116 0.0 0.0
1 0
0 290850.457 4207326.541 0.0 0.0
0 296008.751 4203078.635 0.0 0.0
2 0
0 290850.457 4207326.541 0.0 0.0
0 289463.193 4205641.966 0.0 0.0
3 0
0 290850.457 4207326.541 0.0 0.0
0 285692.163 4211574.447 0.0 0.0
0 0
0 295850.457 4207326.541 0.0 0.0
0 297001.341 4208166.631 0.0 0.0
1 0
0 295850.457 4207326.541 0.0 0.0
0 298105.555 4204237.164 0.0 0.0
2 0
0 295850.457 4207326.541 0.0 0.0
0 294699.573 4206486.451 0.0 0.0
3 0
0 295850.457 4207326.541 0.0 0.0
0 293595.359 4210415.918 0.0 0.0
0 0
0 300850.457 4207326.541 0.0 0.0
0 301374.084 4207801.941 0.0 0.0
1 0
0 300850.457 4207326.541 0.0 0.0
0 302468.578 4205544.269 0.0 0.0
2 0
0 300850.457 4207326.541 0.0 0.0
0 300326.830 4206851.141 0.0 0.0
3 0
0 300850.457 4207326.541 0.0 0.0
0 299232.336 4209108.813 0.0 0.0
0 0
0 305850.457 4207326.541 0.0 0.0
0 306495.752 4207691.901 0.0 0.0
1 0
0 305850.457 4207326.541 0.0 0.0
0 305772.388 4207464.426 0.0 0.0
2 0
0 305850.457 4207326.541 0.0 0.0
0 305205.162 4206961.181 0.0 0.0
3 0
0 305850.457 4207326.541 0.0 0.0
0 305928.526 4207188.656 0.0 0.0
0 0
0 310850.457 4207326.541 0.0 0.0
0 311850.873 4206912.155 0.0 0.0
1 0
0 310850.457 4207326.541 0.0 0.0
0 311048.365 4207804.332 0.0 0.0
2 0
0 310850.457 4207326.541 0.0 0.0
0 309850.041 4207740.927 0.0 0.0
3 0
0 310850.457 4207326.541 0.0 0.0
0 310652.549 4206848.750 0.0 0.0
0 0
0 315850.457 4207326.541 0.0 0.0
0 316646.963 4206996.617 0.0 0.0
1 0
0 315850.457 4207326.541 0.0 0.0
0 316018.022 4207731.078 0.0 0.0
2 0
0 315850.457 4207326.541 0.0 0.0
0 315053.951 4207656.465 0.0 0.0
3 0
0 315850.457 4207326.541 0.0 0.0
0 315682.892 4206922.004 0.0 0.0
0 0
0 320850.457 4207326.541 0.0 0.0
0 322817.865 4205740.878 0.0 0.0
1 0
0 320850.457 4207326.541 0.0 0.0
0 320959.106 4207461.347 0.0 0.0
2 0
0 320850.457 4207326.541 0.0 0.0
0 318883.049 4208912.204 0.0 0.0
3 0
0 320850.457 4207326.541 0.0 0.0
0 320741.808 4207191.735 0.0 0.0
0 0
0 255850.457 4212326.541 0.0 0.0
0 254814.781 4214402.551 0.0 0.0
1 0
0 255850.457 4212326.541 0.0 0.0
0 263742.850 4216263.886 0.0 0.0
2 0
0 255850.457 4212326.541 0.0 0.0
0 256886.133 4210250.531 0.0 0.0
3 0
0 255850.457 4212326.541 0.0 0.0
0 247958.064 4208389.196 0.0 0.0
0 0
0 260850.457 4212326.541 0.0 0.0
0 259975.599 4214036.575 0.0 0.0
1 0
0 260850.457 4212326.541 0.0 0.0
0 267813.008 4215888.603 0.0 0.0
2 0
0 260850.457 4212326.541 0.0 0.0
0 261725.315 4210616.507 0.0 0.0
3 0
0 260850.457 4212326.541 0.0 0.0
0 253887.906 4208764.479 0.0 0.0
0 0
0 265850.457 4212326.541 0.0 0.0
0 265032.123 4213680.931 0.0 0.0
1 0
0 265850.457 4212326.541 0.0 0.0
0 270200.495 4214954.873 0.0 0.0
2 0
0 265850.457 4212326.541 0.0 0.0
0 266668.791 4210972.151 0.0 0.0
3 0
0 265850.457 4212326.541 0.0 0.0
0 261500.419 4209698.209 0.0 0.0
0 0
0 270850.457 4212326.541 0.0 0.0
0 273011.371 4211189.835 0.0 0.0
1 0
0 270850.457 4212326.541 0.0 0.0
0 270179.299 4211050.650 0.0 0.0
2 0
0 270850.457 4212326.541 0.0 0.0
0 268689.543 4213463.247 0.0 0.0
3 0
0 270850.457 4212326.541 0.0 0.0
0 271521.615 4213602.432 0.0 0.0
0 0
0 275850.457 4212326.541 0.0 0.0
0 280446.671 4211527.585 0.0 0.0
1 0
0 275850.457 4212326.541 0.0 0.0
0 275685.167 4211375.663 0.0 0.0
2 0
0 275850.457 4212326.541 0.0 0.0
0 271254.243 4213125.497 0.0 0.0
3 0
0 275850.457 4212326.541 0.0 0.0
0 276015.747 4213277.419 0.0 0.0
0 0
0 280850.457 4212326.541 0.0 0.0
0 285191.170 4211812.948 0.0 0.0
1 0
0 280850.457 4212326.541 0.0 0.0
0 280759.865 4211560.890 0.0 0.0
2 0
0 280850.457 4212326.541 0.0 0.0
0 276509.744 4212840.134 0.0 0.0
3 0
0 280850.457 4212326.541 0.0 0.0
0 280941.049 4213092.192 0.0 0.0
0 0
0 285850.457 4212326.541 0.0 0.0
0 288345.099 4211773.106 0.0 0.0
1 0
0 285850.457 4212326.541 0.0 0.0
0 285686.873 4211589.174 0.0 0.0
2 0
0 285850.457 4212326.541 0.0 0.0
0 283355.815 4212879.976 0.0 0.0
3 0
0 285850.457 4212326.541 0.0 0.0
0 286014.041 4213063.908 0.0 0.0
0 0
0 290850.457 4212326.541 0.0 0.0
0 290832.119 4212282.270 0.0 0.0
1 0
0 290850.457 4212326.541 0.0 0.0
0 293115.885 4211388.170 0.0 0.0
2 0
0 290850.457 4212326.541 0.0 0.0
0 290868.795 4212370.812 0.0 0.0
3 0
0 290850.457 4212326.541 0.0 0.0
0 288585.029 4213264.912 0.0 0.0
0 0
0 295850.457 4212326.541 0.0 0.0
0 294082.690 4214094.308 0.0 0.0
1 0
0 295850.457 4212326.541 0.0 0.0
0 298466.752 4214942.836 0.0 0.0
2 0
0 295850.457 4212326.541 0.0 0.0
0 297618.224 4210558.774 0.0 0.0
3 0
0 295850.457 4212326.541 0.0 0.0
0 293234.162 4209710.246 0.0 0.0
0 0
0 300850.457 4212326.541 0.0 0.0
0 302211.113 4213654.415 0.0 0.0
1 0
0 300850.457 4212326.541 0.0 0.0
0 305251.436 4207816.912 0.0 0.0
2 0
0 300850.457 4212326.541 0.0 0.0
0 299489.801 4210998.667 0.0 0.0
3 0
0 300850.457 4212326.541 0.0 0.0
0 296449.478 4216836.170 0.0 0.0
0 0
0 305850.457 4212326.541 0.0 0.0
0 307827.798 4213674.752 0.0 0.0
1 0
0 305850.457 4212326.541 0.0 0.0
0 309283.040 4207292.176 0.0 0.0
2 0
0 305850.457 4212326.541 0.0 0.0
0 303873.116 4210978.330 0.0 0.0
3 0
0 305850.457 4212326.541 0.0 0.0
0 302417.874 4217360.906 0.0 0.0
0 0
0 310850.457 4212326.541 0.0 0.0
0 311943.047 4213179.609 0.0 0.0
1 0
0 310850.457 4212326.541 0.0 0.0
0 313549.762 4208869.335 0.0 0.0
2 0
0 310850.457 4212326.541 0.0 0.0
0 309757.867 4211473.473 0.0 0.0
3 0
0 310850.457 4212326.541 0.0 0.0
0 308151.152 4215783.747 0.0 0.0
0 0
0 315850.457 4212326.541 0.0 0.0
0 316213.182 4212672.405 0.0 0.0
1 0
0 315850.457 4212326.541 0.0 0.0
0 316955.414 4211167.715 0.0 0.0
2 0
0 315850.457 4212326.541 0.0 0.0
0 315487.732 4211980.677 0.0 0.0
3 0
0 315850.457 4212326.541 0.0 0.0
0 314745.500 4213485.367 0.0 0.0
0 0
0 320850.457 4212326.541 0.0 0.0
0 322019.798 4211842.184 0.0 0.0
1 0
0 320850.457 4212326.541 0.0 0.0
0 320901.857 4212450.631 0.0 0.0
2 0
0 320850.457 4212326.541 0.0 0.0
0 319681.116 4212810.898 0.0 0.0
3 0
0 320850.457 4212326.541 0.0 0.0
0 320799.057 4212202.451 0.0 0.0
0 0
0 325850.457 4212326.541 0.0 0.0
0 330110.697 4209731.158 0.0 0.0
1 0
0 325850.457 4212326.541 0.0 0.0
0 324815.877 4210628.311 0.0 0.0
2 0
0 325850.457 4212326.541 0.0 0.0
0 321590.217 4214921.924 0.0 0.0
3 0
0 325850.457 4212326.541 0.0 0.0
0 326885.037 4214024.771 0.0 0.0
0 0
0 255850.457 4217326.541 0.0 0.0
0 254742.365 4219479.774 0.0 0.0
1 0
0 255850.457 4217326.541 0.0 0.0
0 264405.697 4221729.221 0.0 0.0
2 0
0 255850.457 4217326.541 0.0 0.0
0 256958.549 4215173.308 0.0 0.0
3 0
0 255850.457 4217326.541 0.0 0.0
0 247295.217 4212923.861 0.0 0.0
0 0
0 260850.457 4217326.541 0.0 0.0
0 260101.250 4218707.094 0.0 0.0
1 0
0 260850.457 4217326.541 0.0 0.0
0 267856.075 4221128.392 0.0 0.0
2 0
0 260850.457 4217326.541 0.0 0.0
0 261599.664 4215945.988 0.0 0.0
3 0
0 260850.457 4217326.541 0.0 0.0
0 253844.839 4213524.690 0.0 0.0
0 0
0 265850.457 4217326.541 0.0 0.0
0 265180.065 4218426.969 0.0 0.0
1 0
0 265850.457 4217326.541 0.0 0.0
0 270708.499 4220286.112 0.0 0.0
2 0
0 265850.457 4217326.541 0.0 0.0
0 266520.849 4216226.113 0.0 0.0
3 0
0 265850.457 4217326.541 0.0 0.0
0 260992.415 4214366.970 0.0 0.0
0 0
0 270850.457 4217326.541 0.0 0.0
0 272481.689 4216250.913 0.0 0.0
1 0
0 270850.457 4217326.541 0.0 0.0
0 269829.878 4215778.793 0.0 0.0
2 0
0 270850.457 4217326.541 0.0 0.0
0 269219.225 4218402.169 0.0 0.0
3 0
0 270850.457 4217326.541 0.0 0.0
0 271871.036 4218874.289 0.0 0.0
0 0
0 275850.457 4217326.541 0.0 0.0
0 280296.130 4216370.450 0.0 0.0
1 0
0 275850.457 4217326.541 0.0 0.0
0 275630.254 4216302.632 0.0 0.0
2 0
0 275850.457 4217326.541 0.0 0.0
0 271404.784 4218282.632 0.0 0.0
3 0
0 275850.457 4217326.541 0.0 0.0
0 276070.660 4218350.450 0.0 0.0
0 0
0 280850.457 4217326.541 0.0 0.0
0 284728.633 4216173.673 0.0 0.0
1 0
0 280850.457 4217326.541 0.0 0.0
0 280438.451 4215940.577 0.0 0.0
2 0
0 280850.457 4217326.541 0.0 0.0
0 276972.281 4218479.409 0.0 0.0
3 0
0 280850.457 4217326.541 0.0 0.0
0 281262.463 4218712.505 0.0 0.0
0 0
0 285850.457 4217326.541 0.0 0.0
0 288630.998 4215910.621 0.0 0.0
1 0
0 285850.457 4217326.541 0.0 0.0
0 284797.559 4215258.892 0.0 0.0
2 0
0 285850.457 4217326.541 0.0 0.0
0 283069.916 4218742.461 0.0 0.0
3 0
0 285850.457 4217326.541 0.0 0.0
0 286903.355 4219394.190 0.0 0.0
0 0
0 290850.457 4217326.541 0.0 0.0
0 293459.284 4215860.400 0.0 0.0
1 0
0 290850.457 4217326.541 0.0 0.0
0 289678.271 4215240.772 0.0 0.0
2 0
0 290850.457 4217326.541 0.0 0.0
0 288241.630 4218792.682 0.0 0.0
3 0
0 290850.457 4217326.541 0.0 0.0
0 292022.643 4219412.310 0.0 0.0
0 0
0 295850.457 4217326.541 0.0 0.0
0 297817.828 4216020.255 0.0 0.0
1 0
0 295850.457 4217326.541 0.0 0.0
0 294876.060 4215859.020 0.0 0.0
2 0
0 295850.457 4217326.541 0.0 0.0
0 293883.086 4218632.827 0.0 0.0
3 0
0 295850.457 4217326.541 0.0 0.0
0 296824.854 4218794.062 0.0 0.0
0 0
0 300850.457 4217326.541 0.0 0.0
0 300371.268 4218024.254 0.0 0.0
1 0
0 300850.457 4217326.541 0.0 0.0
0 301300.877 4217635.889 0.0 0.0
2 0
0 300850.457 4217326.541 0.0 0.0
0 301329.646 4216628.828 0.0 0.0
3 0
0 300850.457 4217326.541 0.0 0.0
0 300400.037 4217017.193 0.0 0.0
0 0
0 305850.457 4217326.541 0.0 0.0
0 306730.156 4218289.840 0.0 0.0
1 0
0 305850.457 4217326.541 0.0 0.0
0 306518.387 4216716.578 0.0 0.0
2 0
0 305850.457 4217326.541 0.0 0.0
0 304970.758 4216363.242 0.0 0.0
3 0
0 305850.457 4217326.541 0.0 0.0
0 305182.527 4217936.504 0.0 0.0
0 0
0 310850.457 4217326.541 0.0 0.0
0 311324.997 4217965.759 0.0 0.0
1 0
0 310850.457 4217326.541 0.0 0.0
0 313818.169 4215123.384 0.0 0.0
2 0
0 310850.457 4217326.541 0.0 0.0
0 310375.917 4216687.323 0.0 0.0
3 0
0 310850.457 4217326.541 0.0 0.0
0 307882.745 4219529.698 0.0 0.0
0 0
0 315850.457 4217326.541 0.0 0.0
0 315828.898 4217298.574 0.0 0.0
1 0
0 315850.457 4217326.541 0.0 0.0
0 318990.447 4214905.959 0.0 0.0
2 0
0 315850.457 4217326.541 0.0 0.0
0 315872.016 4217354.508 0.0 0.0
3 0
0 315850.457 4217326.541 0.0 0.0
0 312710.467 4219747.123 0.0 0.0
0 0
0 320850.457 4217326.541 0.0 0.0
0 321215.308 4217390.819 0.0 0.0
1 0
0 320850.457 4217326.541 0.0 0.0
0 321192.339 4215385.956 0.0 0.0
2 0
0 320850.457 4217326.541 0.0 0.0
0 320485.606 4217262.263 0.0 0.0
3 0
0 320850.457 4217326.541 0.0 0.0
0 320508.575 4219267.126 0.0 0.0
0 0
0 325850.457 4217326.541 0.0 0.0
0 329191.368 4215392.841 0.0 0.0
1 0
0 325850.457 4217326.541 0.0 0.0
0 325068.912 4215976.243 0.0 0.0
2 0
0 325850.457 4217326.541 0.0 0.0
0 322509.546 4219260.241 0.0 0.0
3 0
0 325850.457 4217326.541 0.0 0.0
0 326632.002 4218676.839 0.0 0.0
0 0
0 255850.457 4222326.541 0.0 0.0
0 254691.711 4224699.915 0.0 0.0
1 0
0 255850.457 4222326.541 0.0 0.0
0 264873.611 4226731.889 0.0 0.0
2 0
0 255850.457 4222326.541 0.0 0.0
0 257009.203 4219953.167 0.0 0.0
3 0
0 255850.457 4222326.541 0.0 0.0
0 246827.303 4217921.193 0.0 0.0
0 0
0 260850.457 4222326.541 0.0 0.0
0 259968.548 4224055.225 0.0 0.0
1 0
0 260850.457 4222326.541 0.0 0.0
0 267923.804 4225935.093 0.0 0.0
2 0
0 260850.457 4222326.541 0.0 0.0
0 261732.366 4220597.857 0.0 0.0
3 0
0 260850.457 4222326.541 0.0 0.0
0 253777.110 4218717.989 0.0 0.0
0 0
0 265850.457 4222326.541 0.0 0.0
0 265261.696 4223404.954 0.0 0.0
1 0
0 265850.457 4222326.541 0.0 0.0
0 270615.261 4224927.892 0.0 0.0
2 0
0 265850.457 4222326.541 0.0 0.0
0 266439.218 4221248.128 0.0 0.0
3 0
0 265850.457 4222326.541 0.0 0.0
0 261085.653 4219725.190 0.0 0.0
0 0
0 270850.457 4222326.541 0.0 0.0
0 271786.021 4221422.682 0.0 0.0
1 0
0 270850.457 4222326.541 0.0 0.0
0 269738.153 4221175.221 0.0 0.0
2 0
0 270850.457 4222326.541 0.0 0.0
0 269914.893 4223230.400 0.0 0.0
3 0
0 270850.457 4222326.541 0.0 0.0
0 271962.761 4223477.861 0.0 0.0
0 0
0 275850.457 4222326.541 0.0 0.0
0 278894.295 4221124.753 0.0 0.0
1 0
0 275850.457 4222326.541 0.0 0.0
0 275493.318 4221421.994 0.0 0.0
2 0
0 275850.457 4222326.541 0.0 0.0
0 272806.619 4223528.329 0.0 0.0
3 0
0 275850.457 4222326.541 0.0 0.0
0 276207.596 4223231.088 0.0 0.0
0 0
0 280850.457 4222326.541 0.0 0.0
0 283780.087 4220643.848 0.0 0.0
1 0
0 280850.457 4222326.541 0.0 0.0
0 279765.437 4220437.482 0.0 0.0
2 0
0 280850.457 4222326.541 0.0 0.0
0 277920.827 4224009.234 0.0 0.0
3 0
0 280850.457 4222326.541 0.0 0.0
0 281935.477 4224215.600 0.0 0.0
0 0
0 285850.457 4222326.541 0.0 0.0
0 288732.463 4220624.016 0.0 0.0
1 0
0 285850.457 4222326.541 0.0 0.0
0 284707.418 4220391.623 0.0 0.0
2 0
0 285850.457 4222326.541 0.0 0.0
0 282968.451 4224029.066 0.0 0.0
3 0
0 285850.457 4222326.541 0.0 0.0
0 286993.496 4224261.459 0.0 0.0
0 0
0 290850.457 4222326.541 0.0 0.0
0 294006.467 4220722.611 0.0 0.0
1 0
0 290850.457 4222326.541 0.0 0.0
0 290379.183 4221399.228 0.0 0.0
2 0
0 290850.457 4222326.541 0.0 0.0
0 287694.447 4223930.471 0.0 0.0
3 0
0 290850.457 4222326.541 0.0 0.0
0 291321.731 4223253.854 0.0 0.0
0 0
0 295850.457 4222326.541 0.0 0.0
0 298324.820 4220767.144 0.0 0.0
1 0
0 295850.457 4222326.541 0.0 0.0
0 296050.527 4222644.001 0.0 0.0
2 0
0 295850.457 4222326.541 0.0 0.0
0 293376.094 4223885.938 0.0 0.0
3 0
0 295850.457 4222326.541 0.0 0.0
0 295650.387 4222009.081 0.0 0.0
0 0
0 300850.457 4222326.541 0.0 0.0
0 298876.997 4224886.522 0.0 0.0
1 0
0 300850.457 4222326.541 0.0 0.0
0 299846.487 4221552.592 0.0 0.0
2 0
0 300850.457 4222326.541 0.0 0.0
0 302823.917 4219766.560 0.0 0.0
3 0
0 300850.457 4222326.541 0.0 0.0
0 301854.427 4223100.490 0.0 0.0
0 0
0 305850.457 4222326.541 0.0 0.0
0 304256.151 4225711.520 0.0 0.0
1 0
0 305850.457 4222326.541 0.0 0.0
0 305164.389 4222003.407 0.0 0.0
2 0
0 305850.457 4222326.541 0.0 0.0
0 307444.763 4218941.562 0.0 0.0
3 0
0 305850.457 4222326.541 0.0 0.0
0 306536.525 4222649.675 0.0 0.0
0 0
0 310850.457 4222326.541 0.0 0.0
0 309912.187 4223528.256 0.0 0.0
1 0
0 310850.457 4222326.541 0.0 0.0
0 310948.684 4222403.234 0.0 0.0
2 0
0 310850.457 4222326.541 0.0 0.0
0 311788.727 4221124.826 0.0 0.0
3 0
0 310850.457 4222326.541 0.0 0.0
0 310752.230 4222249.848 0.0 0.0
0 0
0 315850.457 4222326.541 0.0 0.0
0 315171.436 4221597.288 0.0 0.0
1 0
0 315850.457 4222326.541 0.0 0.0
0 318634.147 4219734.594 0.0 0.0
2 0
0 315850.457 4222326.541 0.0 0.0
0 316529.478 4223055.794 0.0 0.0
3 0
0 315850.457 4222326.541 0.0 0.0
0 313066.767 4224918.488 0.0 0.0
0 0
0 320850.457 4222326.541 0.0 0.0
0 320674.092 4222248.750 0.0 0.0
1 0
0 320850.457 4222326.541 0.0 0.0
0 322185.146 4219300.579 0.0 0.0
2 0
0 320850.457 4222326.541 0.0 0.0
0 321026.822 4222404.332 0.0 0.0
3 0
0 320850.457 4222326.541 0.0 0.0
0 319515.768 4225352.503 0.0 0.0
0 0
0 325850.457 4222326.541 0.0 0.0
0 326826.936 4222168.080 0.0 0.0
1 0
0 325850.457 4222326.541 0.0 0.0
0 325451.723 4219869.431 0.0 0.0
2 0
0 325850.457 4222326.541 0.0 0.0
0 324873.978 4222485.002 0.0 0.0
3 0
0 325850.457 4222326.541 0.0 0.0
0 326249.191 4224783.651 0.0 0.0
0 0
0 255850.457 4227326.541 0.0 0.0
0 254819.561 4229524.582 0.0 0.0
1 0
0 255850.457 4227326.541 0.0 0.0
0 264838.769 4231542.121 0.0 0.0
2 0
0 255850.457 4227326.541 0.0 0.0
0 256881.353 4225128.500 0.0 0.0
3 0
0 255850.457 4227326.541 0.0 0.0
0 246862.145 4223110.961 0.0 0.0
0 0
0 260850.457 4227326.541 0.0 0.0
0 259931.503 4229339.015 0.0 0.0
1 0
0 260850.457 4227326.541 0.0 0.0
0 267866.013 4230530.046 0.0 0.0
2 0
0 260850.457 4227326.541 0.0 0.0
0 261769.411 4225314.067 0.0 0.0
3 0
0 260850.457 4227326.541 0.0 0.0
0 253834.901 4224123.036 0.0 0.0
0 0
0 265850.457 4227326.541 0.0 0.0
0 265181.506 4228893.155 0.0 0.0
1 0
0 265850.457 4227326.541 0.0 0.0
0 270268.036 4229212.865 0.0 0.0
2 0
0 265850.457 4227326.541 0.0 0.0
0 266519.408 4225759.927 0.0 0.0
3 0
0 265850.457 4227326.541 0.0 0.0
0 261432.878 4225440.217 0.0 0.0
0 0
0 270850.457 4227326.541 0.0 0.0
0 270289.500 4228594.613 0.0 0.0
1 0
0 270850.457 4227326.541 0.0 0.0
0 272301.432 4227968.408 0.0 0.0
2 0
0 270850.457 4227326.541 0.0 0.0
0 271411.414 4226058.469 0.0 0.0
3 0
0 270850.457 4227326.541 0.0 0.0
0 269399.482 4226684.674 0.0 0.0
0 0
0 275850.457 4227326.541 0.0 0.0
0 274750.514 4228796.585 0.0 0.0
1 0
0 275850.457 4227326.541 0.0 0.0
0 275799.215 4227288.200 0.0 0.0
2 0
0 275850.457 4227326.541 0.0 0.0
0 276950.400 4225856.497 0.0 0.0
3 0
0 275850.457 4227326.541 0.0 0.0
0 275901.699 4227364.882 0.0 0.0
0 0
0 280850.457 4227326.541 0.0 0.0
0 279527.967 4229620.330 0.0 0.0
1 0
0 280850.457 4227326.541 0.0 0.0
0 280458.640 4227100.638 0.0 0.0
2 0
0 280850.457 4227326.541 0.0 0.0
0 282172.947 4225032.752 0.0 0.0
3 0
0 280850.457 4227326.541 0.0 0.0
0 281242.274 4227552.444 0.0 0.0
0 0
0 285850.457 4227326.541 0.0 0.0
0 284384.255 4230866.266 0.0 0.0
1 0
0 285850.457 4227326.541 0.0 0.0
0 284401.233 4226726.253 0.0 0.0
2 0
0 285850.457 4227326.541 0.0 0.0
0 287316.659 4223786.816 0.0 0.0
3 0
0 285850.457 4227326.541 0.0 0.0
0 287299.681 4227926.829 0.0 0.0
0 0
0 290850.457 4227326.541 0.0 0.0
0 288993.346 4232147.173 0.0 0.0
1 0
0 290850.457 4227326.541 0.0 0.0
0 288672.468 4226487.487 0.0 0.0
2 0
0 290850.457 4227326.541 0.0 0.0
0 292707.568 4222505.909 0.0 0.0
3 0
0 290850.457 4227326.541 0.0 0.0
0 293028.446 4228165.595 0.0 0.0
0 0
0 295850.457 4227326.541 0.0 0.0
0 294034.104 4233109.207 0.0 0.0
1 0
0 295850.457 4227326.541 0.0 0.0
0 293905.371 4226715.583 0.0 0.0
2 0
0 295850.457 4227326.541 0.0 0.0
0 297666.810 4221543.875 0.0 0.0
3 0
0 295850.457 4227326.541 0.0 0.0
0 297795.543 4227937.499 0.0 0.0
0 0
0 300850.457 4227326.541 0.0 0.0
0 298782.520 4233573.165 0.0 0.0
1 0
0 300850.457 4227326.541 0.0 0.0
0 299217.626 4226785.994 0.0 0.0
2 0
0 300850.457 4227326.541 0.0 0.0
0 302918.394 4221079.917 0.0 0.0
3 0
0 300850.457 4227326.541 0.0 0.0
0 302483.288 4227867.088 0.0 0.0
0 0
0 305850.457 4227326.541 0.0 0.0
0 302862.564 4233502.822 0.0 0.0
1 0
0 305850.457 4227326.541 0.0 0.0
0 305185.254 4227004.736 0.0 0.0
2 0
0 305850.457 4227326.541 0.0 0.0
0 308838.350 4221150.260 0.0 0.0
3 0
0 305850.457 4227326.541 0.0 0.0
0 306515.660 4227648.346 0.0 0.0
0 0
0 310850.457 4227326.541 0.0 0.0
0 305681.775 4233367.790 0.0 0.0
1 0
0 310850.457 4227326.541 0.0 0.0
0 311192.841 4227619.473 0.0 0.0
2 0
0 310850.457 4227326.541 0.0 0.0
0 316019.139 4221285.292 0.0 0.0
3 0
0 310850.457 4227326.541 0.0 0.0
0 310508.073 4227033.609 0.0 0.0
0 0
0 315850.457 4227326.541 0.0 0.0
0 314035.457 4229651.150 0.0 0.0
1 0
0 315850.457 4227326.541 0.0 0.0
0 316125.732 4227541.469 0.0 0.0
2 0
0 315850.457 4227326.541 0.0 0.0
0 317665.457 4225001.932 0.0 0.0
3 0
0 315850.457 4227326.541 0.0 0.0
0 315575.182 4227111.613 0.0 0.0
0 0
0 320850.457 4227326.541 0.0 0.0
0 321179.784 4227837.988 0.0 0.0
1 0
0 320850.457 4227326.541 0.0 0.0
0 322370.833 4226347.551 0.0 0.0
2 0
0 320850.457 4227326.541 0.0 0.0
0 320521.130 4226815.094 0.0 0.0
3 0
0 320850.457 4227326.541 0.0 0.0
0 319330.081 4228305.531 0.0 0.0
0 0
0 325850.457 4227326.541 0.0 0.0
0 325668.361 4227602.697 0.0 0.0
1 0
0 325850.457 4227326.541 0.0 0.0
0 326210.097 4227563.686 0.0 0.0
2 0
0 325850.457 4227326.541 0.0 0.0
0 326032.553 4227050.385 0.0 0.0
3 0
0 325850.457 4227326.541 0.0 0.0
0 325490.817 4227089.396 0.0 0.0
0 0
0 330850.457 4227326.541 0.0 0.0
0 331696.480 4228343.620 0.0 0.0
1 0
0 330850.457 4227326.541 0.0 0.0
0 331944.415 4226416.568 0.0 0.0
2 0
0 330850.457 4227326.541 0.0 0.0
0 330004.434 4226309.462 0.0 0.0
3 0
0 330850.457 4227326.541 0.0 0.0
0 329756.499 4228236.514 0.0 0.0
0 0
0 255850.457 4232326.541 0.0 0.0
0 254887.553 4234430.437 0.0 0.0
1 0
0 255850.457 4232326.541 0.0 0.0
0 264319.389 4236202.573 0.0 0.0
2 0
0 255850.457 4232326.541 0.0 0.0
0 256813.361 4230222.645 0.0 0.0
3 0
0 255850.457 4232326.541 0.0 0.0
0 247381.525 4228450.509 0.0 0.0
0 0
0 260850.457 4232326.541 0.0 0.0
0 260022.091 4234416.750 0.0 0.0
1 0
0 260850.457 4232326.541 0.0 0.0
0 267310.048 4234886.527 0.0 0.0
2 0
0 260850.457 4232326.541 0.0 0.0
0 261678.823 4230236.332 0.0 0.0
3 0
0 260850.457 4232326.541 0.0 0.0
0 254390.866 4229766.555 0.0 0.0
0 0
0 265850.457 4232326.541 0.0 0.0
0 265306.831 4234356.682 0.0 0.0
1 0
0 265850.457 4232326.541 0.0 0.0
0 269619.339 4233335.763 0.0 0.0
2 0
0 265850.457 4232326.541 0.0 0.0
0 266394.083 4230296.400 0.0 0.0
3 0
0 265850.457 4232326.541 0.0 0.0
0 262081.575 4231317.319 0.0 0.0
0 0
0 270850.457 4232326.541 0.0 0.0
0 270972.730 4234534.235 0.0 0.0
1 0
0 270850.457 4232326.541 0.0 0.0
0 272259.375 4232248.508 0.0 0.0
2 0
0 270850.457 4232326.541 0.0 0.0
0 270728.184 4230118.847 0.0 0.0
3 0
0 270850.457 4232326.541 0.0 0.0
0 269441.539 4232404.574 0.0 0.0
0 0
0 275850.457 4232326.541 0.0 0.0
0 277213.694 4235452.733 0.0 0.0
1 0
0 275850.457 4232326.541 0.0 0.0
0 276226.735 4232162.458 0.0 0.0
2 0
0 275850.457 4232326.541 0.0 0.0
0 274487.220 4229200.349 0.0 0.0
3 0
0 275850.457 4232326.541 0.0 0.0
0 275474.179 4232490.624 0.0 0.0
0 0
0 280850.457 4232326.541 0.0 0.0
0 282799.816 4237191.937 0.0 0.0
1 0
0 280850.457 4232326.541 0.0 0.0
0 281631.483 4232013.617 0.0 0.0
2 0
0 280850.457 4232326.541 0.0 0.0
0 278901.098 4227461.145 0.0 0.0
3 0
0 280850.457 4232326.541 0.0 0.0
0 280069.431 4232639.465 0.0 0.0
0 0
0 285850.457 4232326.541 0.0 0.0
0 286432.558 4238560.119 0.0 0.0
1 0
0 285850.457 4232326.541 0.0 0.0
0 286607.860 4232255.814 0.0 0.0
2 0
0 285850.457 4232326.541 0.0 0.0
0 285268.356 4226092.963 0.0 0.0
3 0
0 285850.457 4232326.541 0.0 0.0
0 285093.054 4232397.268 0.0 0.0
0 0
0 290850.457 4232326.541 0.0 0.0
0 289941.035 4239458.054 0.0 0.0
1 0
0 290850.457 4232326.541 0.0 0.0
0 289252.661 4232122.787 0.0 0.0
2 0
0 290850.457 4232326.541 0.0 0.0
0 291759.879 4225195.028 0.0 0.0
3 0
0 290850.457 4232326.541 0.0 0.0
0 292448.253 4232530.295 0.0 0.0
0 0
0 295850.457 4232326.541 0.0 0.0
0 294297.559 4239805.801 0.0 0.0
1 0
0 295850.457 4232326.541 0.0 0.0
0 294028.094 4231948.169 0.0 0.0
2 0
0 295850.457 4232326.541 0.0 0.0
0 297403.355 4224847.281 0.0 0.0
3 0
0 295850.457 4232326.541 0.0 0.0
0 297672.820 4232704.913 0.0 0.0
0 0
0 300850.457 4232326.541 0.0 0.0
0 298697.023 4239686.124 0.0 0.0
1 0
0 300850.457 4232326.541 0.0 0.0
0 299188.314 4231840.193 0.0 0.0
2 0
0 300850.457 4232326.541 0.0 0.0
0 303003.891 4224966.958 0.0 0.0
3 0
0 300850.457 4232326.541 0.0 0.0
0 302512.600 4232812.889 0.0 0.0
0 0
0 305850.457 4232326.541 0.0 0.0
0 302077.887 4239542.193 0.0 0.0
1 0
0 305850.457 4232326.541 0.0 0.0
0 305001.802 4231882.838 0.0 0.0
2 0
0 305850.457 4232326.541 0.0 0.0
0 309623.027 4225110.889 0.0 0.0
3 0
0 305850.457 4232326.541 0.0 0.0
0 306699.112 4232770.244 0.0 0.0
0 0
0 310850.457 4232326.541 0.0 0.0
0 304093.493 4239433.378 0.0 0.0
1 0
0 310850.457 4232326.541 0.0 0.0
0 310927.501 4232399.792 0.0 0.0
2 0
0 310850.457 4232326.541 0.0 0.0
0 317607.421 4225219.704 0.0 0.0
3 0
0 310850.457 4232326.541 0.0 0.0
0 310773.413 4232253.290 0.0 0.0
0 0
0 315850.457 4232326.541 0.0 0.0
0 310729.425 4237529.504 0.0 0.0
1 0
0 315850.457 4232326.541 0.0 0.0
0 315138.044 4231625.346 0.0 0.0
2 0
0 315850.457 4232326.541 0.0 0.0
0 320971.489 4227123.578 0.0 0.0
3 0
0 315850.457 4232326.541 0.0 0.0
0 316562.870 4233027.736 0.0 0.0
0 0
0 320850.457 4232326.541 0.0 0.0
0 321115.996 4237332.764 0.0 0.0
1 0
0 320850.457 4232326.541 0.0 0.0
0 320564.120 4232341.729 0.0 0.0
2 0
0 320850.457 4232326.541 0.0 0.0
0 320584.918 4227320.318 0.0 0.0
3 0
0 320850.457 4232326.541 0.0 0.0
0 321136.794 4232311.353 0.0 0.0
0 0
0 325850.457 4232326.541 0.0 0.0
0 325937.953 4240027.180 0.0 0.0
1 0
0 325850.457 4232326.541 0.0 0.0
0 326951.522 4232314.031 0.0 0.0
2 0
0 325850.457 4232326.541 0.0 0.0
0 325762.961 4224625.902 0.0 0.0
3 0
0 325850.457 4232326.541 0.0 0.0
0 324749.392 4232339.051 0.0 0.0
0 0
0 330850.457 4232326.541 0.0 0.0
0 331280.702 4241639.707 0.0 0.0
1 0
0 330850.457 4232326.541 0.0 0.0
0 332371.933 4232256.253 0.0 0.0
2 0
0 330850.457 4232326.541 0.0 0.0
0 330420.212 4223013.375 0.0 0.0
3 0
0 330850.457 4232326.541 0.0 0.0
0 329328.981 4232396.829 0.0 0.0
0 0
0 255850.457 4237326.541 0.0 0.0
0 255009.293 4239318.590 0.0 0.0
1 0
0 255850.457 4237326.541 0.0 0.0
0 263369.928 4240501.716 0.0 0.0
2 0
0 255850.457 4237326.541 0.0 0.0
0 256691.621 4235334.492 0.0 0.0
3 0
0 255850.457 4237326.541 0.0 0.0
0 248330.986 4234151.366 0.0 0.0
0 0
0 260850.457 4237326.541 0.0 0.0
0 260134.006 4239620.091 0.0 0.0
1 0
0 260850.457 4237326.541 0.0 0.0
0 266102.999 4238967.312 0.0 0.0
2 0
0 260850.457 4237326.541 0.0 0.0
0 261566.908 4235032.991 0.0 0.0
3 0
0 260850.457 4237326.541 0.0 0.0
0 255597.915 4235685.770 0.0 0.0
0 0
0 265850.457 4237326.541 0.0 0.0
0 265509.297 4239428.862 0.0 0.0
1 0
0 265850.457 4237326.541 0.0 0.0
0 268742.448 4237795.846 0.0 0.0
2 0
0 265850.457 4237326.541 0.0 0.0
0 266191.617 4235224.220 0.0 0.0
3 0
0 265850.457 4237326.541 0.0 0.0
0 262958.466 4236857.236 0.0 0.0
0 0
0 270850.457 4237326.541 0.0 0.0
0 271761.154 4240016.664 0.0 0.0
1 0
0 270850.457 4237326.541 0.0 0.0
0 272214.507 4236864.765 0.0 0.0
2 0
0 270850.457 4237326.541 0.0 0.0
0 269939.760 4234636.418 0.0 0.0
3 0
0 270850.457 4237326.541 0.0 0.0
0 269486.407 4237788.317 0.0 0.0
0 0
0 275850.457 4237326.541 0.0 0.0
0 278180.629 4241383.456 0.0 0.0
1 0
0 275850.457 4237326.541 0.0 0.0
0 276612.232 4236889.000 0.0 0.0
2 0
0 275850.457 4237326.541 0.0 0.0
0 273520.285 4233269.626 0.0 0.0
3 0
0 275850.457 4237326.541 0.0 0.0
0 275088.682 4237764.082 0.0 0.0
0 0
0 280850.457 4237326.541 0.0 0.0
0 284321.713 4242104.680 0.0 0.0
1 0
0 280850.457 4237326.541 0.0 0.0
0 282877.865 4235853.655 0.0 0.0
2 0
0 280850.457 4237326.541 0.0 0.0
0 277379.201 4232548.402 0.0 0.0
3 0
0 280850.457 4237326.541 0.0 0.0
0 278823.049 4238799.427 0.0 0.0
0 0
0 285850.457 4237326.541 0.0 0.0
0 289978.672 4242961.768 0.0 0.0
1 0
0 285850.457 4237326.541 0.0 0.0
0 290114.298 4234202.966 0.0 0.0
2 0
0 285850.457 4237326.541 0.0 0.0
0 281722.242 4231691.314 0.0 0.0
3 0
0 285850.457 4237326.541 0.0 0.0
0 281586.616 4240450.116 0.0 0.0
0 0
0 290850.457 4237326.541 0.0 0.0
0 296408.087 4244965.852 0.0 0.0
1 0
0 290850.457 4237326.541 0.0 0.0
0 294769.992 4234475.064 0.0 0.0
2 0
0 290850.457 4237326.541 0.0 0.0
0 285292.827 4229687.230 0.0 0.0
3 0
0 290850.457 4237326.541 0.0 0.0
0 286930.922 4240178.018 0.0 0.0
0 0
0 295850.457 4237326.541 0.0 0.0
0 297760.419 4244346.750 0.0 0.0
1 0
0 295850.457 4237326.541 0.0 0.0
0 299686.411 4236282.907 0.0 0.0
2 0
0 295850.457 4237326.541 0.0 0.0
0 293940.495 4230306.332 0.0 0.0
3 0
0 295850.457 4237326.541 0.0 0.0
0 292014.503 4238370.175 0.0 0.0
0 0
0 300850.457 4237326.541 0.0 0.0
0 299920.487 4244357.891 0.0 0.0
1 0
0 300850.457 4237326.541 0.0 0.0
0 299157.780 4237102.667 0.0 0.0
2 0
0 300850.457 4237326.541 0.0 0.0
0 301780.427 4230295.191 0.0 0.0
3 0
0 300850.457 4237326.541 0.0 0.0
0 302543.134 4237550.415 0.0 0.0
0 0
0 305850.457 4237326.541 0.0 0.0
0 302279.579 4244552.514 0.0 0.0
1 0
0 305850.457 4237326.541 0.0 0.0
0 304380.311 4236600.035 0.0 0.0
2 0
0 305850.457 4237326.541 0.0 0.0
0 309421.335 4230100.568 0.0 0.0
3 0
0 305850.457 4237326.541 0.0 0.0
0 307320.603 4238053.047 0.0 0.0
0 0
0 310850.457 4237326.541 0.0 0.0
0 320016.167 4230151.477 0.0 0.0
1 0
0 310850.457 4237326.541 0.0 0.0
0 312120.203 4238948.564 0.0 0.0
2 0
0 310850.457 4237326.541 0.0 0.0
0 301684.747 4244501.605 0.0 0.0
3 0
0 310850.457 4237326.541 0.0 0.0
0 309580.711 4235704.518 0.0 0.0
0 0
0 315850.457 4237326.541 0.0 0.0
0 314673.616 4243664.630 0.0 0.0
1 0
0 315850.457 4237326.541 0.0 0.0
0 310881.801 4236403.973 0.0 0.0
2 0
0 315850.457 4237326.541 0.0 0.0
0 317027.298 4230988.452 0.0 0.0
3 0
0 315850.457 4237326.541 0.0 0.0
0 320819.113 4238249.109 0.0 0.0
0 0
0 320850.457 4237326.541 0.0 0.0
0 322714.230 4246406.701 0.0 0.0
1 0
0 320850.457 4237326.541 0.0 0.0
0 320722.587 4237352.787 0.0 0.0
2 0
0 320850.457 4237326.541 0.0 0.0
0 318986.684 4228246.381 0.0 0.0
3 0
0 320850.457 4237326.541 0.0 0.0
0 320978.327 4237300.295 0.0 0.0
0 0
0 325850.457 4237326.541 0.0 0.0
0 327608.972 4249193.329 0.0 0.0
1 0
0 325850.457 4237326.541 0.0 0.0
0 327627.428 4237063.215 0.0 0.0
2 0
0 325850.457 4237326.541 0.0 0.0
0 324091.942 4225459.753 0.0 0.0
3 0
0 325850.457 4237326.541 0.0 0.0
0 324073.486 4237589.867 0.0 0.0
0 0
0 330850.457 4237326.541 0.0 0.0
0 330808.735 4249926.637 0.0 0.0
1 0
0 330850.457 4237326.541 0.0 0.0
0 333350.609 4237334.820 0.0 0.0
2 0
0 330850.457 4237326.541 0.0 0.0
0 330892.179 4224726.445 0.0 0.0
3 0
0 330850.457 4237326.541 0.0 0.0
0 328350.305 4237318.262 0.0 0.0
0 0
0 255850.457 4242326.541 0.0 0.0
0 255203.580 4244198.928 0.0 0.0
1 0
0 255850.457 4242326.541 0.0 0.0
0 261787.127 4244377.557 0.0 0.0
2 0
0 255850.457 4242326.541 0.0 0.0
0 256497.334 4240454.154 0.0 0.0
3 0
0 255850.457 4242326.541 0.0 0.0
0 249913.787 4240275.525 0.0 0.0
0 0
0 260850.457 4242326.541 0.0 0.0
0 260362.245 4244235.873 0.0 0.0
1 0
0 260850.457 4242326.541 0.0 0.0
0 264794.332 4243334.980 0.0 0.0
2 0
0 260850.457 4242326.541 0.0 0.0
0 261338.669 4240417.209 0.0 0.0
3 0
0 260850.457 4242326.541 0.0 0.0
0 256906.582 4241318.102 0.0 0.0
0 0
0 265850.457 4242326.541 0.0 0.0
0 265850.457 4244326.541 0.0 0.0
1 0
0 265850.457 4242326.541 0.0 0.0
0 267850.457 4242326.541 0.0 0.0
2 0
0 265850.457 4242326.541 0.0 0.0
0 265850.457 4240326.541 0.0 0.0
3 0
0 265850.457 4242326.541 0.0 0.0
0 263850.457 4242326.541 0.0 0.0
0 0
0 270850.457 4242326.541 0.0 0.0
0 272728.754 4246083.135 0.0 0.0
1 0
0 270850.457 4242326.541 0.0 0.0
0 272460.426 4241521.557 0.0 0.0
2 0
0 270850.457 4242326.541 0.0 0.0
0 268972.160 4238569.947 0.0 0.0
3 0
0 270850.457 4242326.541 0.0 0.0
0 269240.488 4243131.525 0.0 0.0
0 0
0 275850.457 4242326.541 0.0 0.0
0 279003.982 4247223.979 0.0 0.0
1 0
0 275850.457 4242326.541 0.0 0.0
0 277048.488 4241555.113 0.0 0.0
2 0
0 275850.457 4242326.541 0.0 0.0
0 272696.932 4237429.103 0.0 0.0
3 0
0 275850.457 4242326.541 0.0 0.0
0 274652.426 4243097.969 0.0 0.0
0 0
0 280850.457 4242326.541 0.0 0.0
0 284736.625 4247811.011 0.0 0.0
1 0
0 280850.457 4242326.541 0.0 0.0
0 281765.715 4241678.011 0.0 0.0
2 0
0 280850.457 4242326.541 0.0 0.0
0 276964.289 4236842.071 0.0 0.0
3 0
0 280850.457 4242326.541 0.0 0.0
0 279935.199 4242975.071 0.0 0.0
0 0
0 285850.457 4242326.541 0.0 0.0
0 290121.881 4247953.202 0.0 0.0
1 0
0 285850.457 4242326.541 0.0 0.0
0 287335.359 4241199.292 0.0 0.0
2 0
0 285850.457 4242326.541 0.0 0.0
0 281579.033 4236699.880 0.0 0.0
3 0
0 285850.457 4242326.541 0.0 0.0
0 284365.555 4243453.790 0.0 0.0
0 0
0 290850.457 4242326.541 0.0 0.0
0 295622.779 4247789.628 0.0 0.0
1 0
0 290850.457 4242326.541 0.0 0.0
0 294355.446 4239264.731 0.0 0.0
2 0
0 290850.457 4242326.541 0.0 0.0
0 286078.135 4236863.454 0.0 0.0
3 0
0 290850.457 4242326.541 0.0 0.0
0 287345.468 4245388.351 0.0 0.0
0 0
0 295850.457 4242326.541 0.0 0.0
0 300374.821 4248673.674 0.0 0.0
1 0
0 295850.457 4242326.541 0.0 0.0
0 304233.334 4236351.058 0.0 0.0
2 0
0 295850.457 4242326.541 0.0 0.0
0 291326.093 4235979.408 0.0 0.0
3 0
0 295850.457 4242326.541 0.0 0.0
0 287467.580 4248302.024 0.0 0.0
0 0
0 300850.457 4242326.541 0.0 0.0
0 308164.635 4251154.228 0.0 0.0
1 0
0 300850.457 4242326.541 0.0 0.0
0 306521.022 4237628.196 0.0 0.0
2 0
0 300850.457 4242326.541 0.0 0.0
0 293536.279 4233498.854 0.0 0.0
3 0
0 300850.457 4242326.541 0.0 0.0
0 295179.892 4247024.886 0.0 0.0
0 0
0 305850.457 4242326.541 0.0 0.0
0 310840.955 4248295.531 0.0 0.0
1 0
0 305850.457 4242326.541 0.0 0.0
0 307676.635 4240799.727 0.0 0.0
2 0
0 305850.457 4242326.541 0.0 0.0
0 300859.959 4236357.551 0.0 0.0
3 0
0 305850.457 4242326.541 0.0 0.0
0 304024.279 4243853.355 0.0 0.0
0 0
0 310850.457 4242326.541 0.0 0.0
0 318138.977 4244047.127 0.0 0.0
1 0
0 310850.457 4242326.541 0.0 0.0
0 309951.860 4246133.060 0.0 0.0
2 0
0 310850.457 4242326.541 0.0 0.0
0 303561.937 4240605.955 0.0 0.0
3 0
0 310850.457 4242326.541 0.0 0.0
0 311749.054 4238520.022 0.0 0.0
0 0
0 315850.457 4242326.541 0.0 0.0
0 318812.686 4250679.307 0.0 0.0
1 0
0 315850.457 4242326.541 0.0 0.0
0 313930.119 4243007.571 0.0 0.0
2 0
0 315850.457 4242326.541 0.0 0.0
0 312888.228 4233973.775 0.0 0.0
3 0
0 315850.457 4242326.541 0.0 0.0
0 317770.795 4241645.511 0.0 0.0
0 0
0 320850.457 4242326.541 0.0 0.0
0 322740.198 4253612.677 0.0 0.0
1 0
0 320850.457 4242326.541 0.0 0.0
0 321978.011 4242137.744 0.0 0.0
2 0
0 320850.457 4242326.541 0.0 0.0
0 318960.716 4231040.405 0.0 0.0
3 0
0 320850.457 4242326.541 0.0 0.0
0 319722.903 4242515.338 0.0 0.0
0 0
0 325850.457 4242326.541 0.0 0.0
0 328294.525 4254632.359 0.0 0.0
1 0
0 325850.457 4242326.541 0.0 0.0
0 327661.267 4241966.895 0.0 0.0
2 0
0 325850.457 4242326.541 0.0 0.0
0 323406.389 4230020.723 0.0 0.0
3 0
0 325850.457 4242326.541 0.0 0.0
0 324039.647 4242686.187 0.0 0.0
0 0
0 330850.457 4242326.541 0.0 0.0
0 332062.715 4257490.085 0.0 0.0
1 0
0 330850.457 4242326.541 0.0 0.0
0 333254.710 4242134.332 0.0 0.0
2 0
0 330850.457 4242326.541 0.0 0.0
0 329638.199 4227162.997 0.0 0.0
3 0
0 330850.457 4242326.541 0.0 0.0
0 328446.204 4242518.750 0.0 0.0
0 0
0 335850.457 4242326.541 0.0 0.0
0 337450.861 4256078.124 0.0 0.0
1 0
0 335850.457 4242326.541 0.0 0.0
0 340265.059 4241812.771 0.0 0.0
2 0
0 335850.457 4242326.541 0.0 0.0
0 334250.053 4228574.958 0.0 0.0
3 0
0 335850.457 4242326.541 0.0 0.0
0 331435.855 4242840.311 0.0 0.0
0 0
0 255850.457 4247326.541 0.0 0.0
0 255487.461 4248428.356 0.0 0.0
1 0
0 255850.457 4247326.541 0.0 0.0
0 260181.535 4248753.427 0.0 0.0
2 0
0 255850.457 4247326.541 0.0 0.0
0 256213.453 4246224.726 0.0 0.0
3 0
0 255850.457 4247326.541 0.0 0.0
0 251519.379 4245899.655 0.0 0.0
0 0
0 260850.457 4247326.541 0.0 0.0
0 260549.965 4248464.748 0.0 0.0
1 0
0 260850.457 4247326.541 0.0 0.0
0 263825.722 4248112.025 0.0 0.0
2 0
0 260850.457 4247326.541 0.0 0.0
0 261150.949 4246188.334 0.0 0.0
3 0
0 260850.457 4247326.541 0.0 0.0
0 257875.192 4246541.057 0.0 0.0
0 0
0 265850.457 4247326.541 0.0 0.0
0 266386.445 4249484.512 0.0 0.0
1 0
0 265850.457 4247326.541 0.0 0.0
0 267426.121 4246935.184 0.0 0.0
2 0
0 265850.457 4247326.541 0.0 0.0
0 265314.469 4245168.570 0.0 0.0
3 0
0 265850.457 4247326.541 0.0 0.0
0 264274.793 4247717.898 0.0 0.0
0 0
0 270850.457 4247326.541 0.0 0.0
0 273422.936 4251614.006 0.0 0.0
1 0
0 270850.457 4247326.541 0.0 0.0
0 272393.944 4246400.449 0.0 0.0
2 0
0 270850.457 4247326.541 0.0 0.0
0 268277.978 4243039.076 0.0 0.0
3 0
0 270850.457 4247326.541 0.0 0.0
0 269306.970 4248252.633 0.0 0.0
0 0
0 275850.457 4247326.541 0.0 0.0
0 279528.539 4252642.086 0.0 0.0
1 0
0 275850.457 4247326.541 0.0 0.0
0 277301.048 4246322.807 0.0 0.0
2 0
0 275850.457 4247326.541 0.0 0.0
0 272172.375 4242010.996 0.0 0.0
3 0
0 275850.457 4247326.541 0.0 0.0
0 274399.866 4248330.275 0.0 0.0
0 0
0 280850.457 4247326.541 0.0 0.0
0 285031.002 4253082.656 0.0 0.0
1 0
0 280850.457 4247326.541 0.0 0.0
0 282156.421 4246378.047 0.0 0.0
2 0
0 280850.457 4247326.541 0.0 0.0
0 276669.912 4241570.426 0.0 0.0
3 0
0 280850.457 4247326.541 0.0 0.0
0 279544.493 4248275.035 0.0 0.0
0 0
0 285850.457 4247326.541 0.0 0.0
0 290180.466 4253199.466 0.0 0.0
1 0
0 285850.457 4247326.541 0.0 0.0
0 287055.041 4246438.421 0.0 0.0
2 0
0 285850.457 4247326.541 0.0 0.0
0 281520.448 4241453.616 0.0 0.0
3 0
0 285850.457 4247326.541 0.0 0.0
0 284645.873 4248214.661 0.0 0.0
0 0
0 290850.457 4247326.541 0.0 0.0
0 295014.718 4252923.435 0.0 0.0
1 0
0 290850.457 4247326.541 0.0 0.0
0 291954.510 4246505.091 0.0 0.0
2 0
0 290850.457 4247326.541 0.0 0.0
0 286686.196 4241729.647 0.0 0.0
3 0
0 290850.457 4247326.541 0.0 0.0
0 289746.404 4248147.991 0.0 0.0
0 0
0 295850.457 4247326.541 0.0 0.0
0 299650.047 4252127.002 0.0 0.0
1 0
0 295850.457 4247326.541 0.0 0.0
0 298220.185 4245450.889 0.0 0.0
2 0
0 295850.457 4247326.541 0.0 0.0
0 292050.867 4242526.080 0.0 0.0
3 0
0 295850.457 4247326.541 0.0 0.0
0 293480.729 4249202.193 0.0 0.0
0 0
0 300850.457 4247326.541 0.0 0.0
0 304056.377 4250943.327 0.0 0.0
1 0
0 300850.457 4247326.541 0.0 0.0
0 304093.076 4244452.283 0.0 0.0
2 0
0 300850.457 4247326.541 0.0 0.0
0 297644.537 4243709.755 0.0 0.0
3 0
0 300850.457 4247326.541 0.0 0.0
0 297607.838 4250200.799 0.0 0.0
0 0
0 305850.457 4247326.541 0.0 0.0
0 306630.237 4248621.682 0.0 0.0
1 0
0 305850.457 4247326.541 0.0 0.0
0 306203.222 4247114.148 0.0 0.0
2 0
0 305850.457 4247326.541 0.0 0.0
0 305070.677 4246031.400 0.0 0.0
3 0
0 305850.457 4247326.541 0.0 0.0
0 305497.692 4247538.934 0.0 0.0
0 0
0 310850.457 4247326.541 0.0 0.0
0 310021.431 4251365.491 0.0 0.0
1 0
0 310850.457 4247326.541 0.0 0.0
0 309795.603 4247110.024 0.0 0.0
2 0
0 310850.457 4247326.541 0.0 0.0
0 311679.483 4243287.591 0.0 0.0
3 0
0 310850.457 4247326.541 0.0 0.0
0 311905.311 4247543.058 0.0 0.0
0 0
0 315850.457 4247326.541 0.0 0.0
0 316982.580 4253935.831 0.0 0.0
1 0
0 315850.457 4247326.541 0.0 0.0
0 316348.751 4247241.187 0.0 0.0
2 0
0 315850.457 4247326.541 0.0 0.0
0 314718.334 4240717.251 0.0 0.0
3 0
0 315850.457 4247326.541 0.0 0.0
0 315352.163 4247411.895 0.0 0.0
0 0
0 320850.457 4247326.541 0.0 0.0
0 322943.627 4255166.018 0.0 0.0
1 0
0 320850.457 4247326.541 0.0 0.0
0 321926.857 4247039.138 0.0 0.0
2 0
0 320850.457 4247326.541 0.0 0.0
0 318757.287 4239487.064 0.0 0.0
3 0
0 320850.457 4247326.541 0.0 0.0
0 319774.057 4247613.944 0.0 0.0
0 0
0 325850.457 4247326.541 0.0 0.0
0 328383.520 4256579.955 0.0 0.0
1 0
0 325850.457 4247326.541 0.0 0.0
0 327580.658 4246852.910 0.0 0.0
2 0
0 325850.457 4247326.541 0.0 0.0
0 323317.394 4238073.127 0.0 0.0
3 0
0 325850.457 4247326.541 0.0 0.0
0 324120.256 4247800.172 0.0 0.0
0 0
0 330850.457 4247326.541 0.0 0.0
0 333193.394 4257493.789 0.0 0.0
1 0
0 330850.457 4247326.541 0.0 0.0
0 332929.674 4246847.407 0.0 0.0
2 0
0 330850.457 4247326.541 0.0 0.0
0 328507.520 4237159.293 0.0 0.0
3 0
0 330850.457 4247326.541 0.0 0.0
0 328771.240 4247805.675 0.0 0.0
0 0
0 335850.457 4247326.541 0.0 0.0
0 336609.751 4259761.389 0.0 0.0
1 0
0 335850.457 4247326.541 0.0 0.0
0 339002.595 4247134.066 0.0 0.0
2 0
0 335850.457 4247326.541 0.0 0.0
0 335091.163 4234891.693 0.0 0.0
3 0
0 335850.457 4247326.541 0.0 0.0
0 332698.319 4247519.016 0.0 0.0
0 0
0 255850.457 4252326.541 0.0 0.0
0 255649.025 4252767.670 0.0 0.0
1 0
0 255850.457 4252326.541 0.0 0.0
0 259020.540 4253774.092 0.0 0.0
2 0
0 255850.457 4252326.541 0.0 0.0
0 256051.889 4251885.412 0.0 0.0
3 0
0 255850.457 4252326.541 0.0 0.0
0 252680.374 4250878.990 0.0 0.0
0 0
0 260850.457 4252326.541 0.0 0.0
0 260664.842 4253230.843 0.0 0.0
1 0
0 260850.457 4252326.541 0.0 0.0
0 262930.252 4252753.435 0.0 0.0
2 0
0 260850.457 4252326.541 0.0 0.0
0 261036.072 4251422.239 0.0 0.0
3 0
0 260850.457 4252326.541 0.0 0.0
0 258770.662 4251899.647 0.0 0.0
0 0
0 265850.457 4252326.541 0.0 0.0
0 267076.820 4255050.984 0.0 0.0
1 0
0 265850.457 4252326.541 0.0 0.0
0 267389.461 4251633.784 0.0 0.0
2 0
0 265850.457 4252326.541 0.0 0.0
0 264624.094 4249602.098 0.0 0.0
3 0
0 265850.457 4252326.541 0.0 0.0
0 264311.453 4253019.298 0.0 0.0
0 0
0 270850.457 4252326.541 0.0 0.0
0 273878.110 4256899.848 0.0 0.0
1 0
0 270850.457 4252326.541 0.0 0.0
0 272255.204 4251396.560 0.0 0.0
2 0
0 270850.457 4252326.541 0.0 0.0
0 267822.804 4247753.234 0.0 0.0
3 0
0 270850.457 4252326.541 0.0 0.0
0 269445.710 4253256.522 0.0 0.0
0 0
0 275850.457 4252326.541 0.0 0.0
0 279535.797 4257439.676 0.0 0.0
1 0
0 275850.457 4252326.541 0.0 0.0
0 277150.754 4251389.340 0.0 0.0
2 0
0 275850.457 4252326.541 0.0 0.0
0 272165.117 4247213.406 0.0 0.0
3 0
0 275850.457 4252326.541 0.0 0.0
0 274550.160 4253263.742 0.0 0.0
0 0
0 280850.457 4252326.541 0.0 0.0
0 284700.499 4257539.342 0.0 0.0
1 0
0 280850.457 4252326.541 0.0 0.0
0 282202.187 4251328.188 0.0 0.0
2 0
0 280850.457 4252326.541 0.0 0.0
0 277000.415 4247113.740 0.0 0.0
3 0
0 280850.457 4252326.541 0.0 0.0
0 279498.727 4253324.894 0.0 0.0
0 0
0 285850.457 4252326.541 0.0 0.0
0 289490.037 4257333.158 0.0 0.0
1 0
0 285850.457 4252326.541 0.0 0.0
0 287136.324 4251391.775 0.0 0.0
2 0
0 285850.457 4252326.541 0.0 0.0
0 282210.877 4247319.924 0.0 0.0
3 0
0 285850.457 4252326.541 0.0 0.0
0 284564.590 4253261.307 0.0 0.0
0 0
0 290850.457 4252326.541 0.0 0.0
0 294053.795 4256770.936 0.0 0.0
1 0
0 290850.457 4252326.541 0.0 0.0
0 292049.883 4251462.044 0.0 0.0
2 0
0 290850.457 4252326.541 0.0 0.0
0 287647.119 4247882.146 0.0 0.0
3 0
0 290850.457 4252326.541 0.0 0.0
0 289651.031 4253191.038 0.0 0.0
0 0
0 295850.457 4252326.541 0.0 0.0
0 298560.081 4256127.090 0.0 0.0
1 0
0 295850.457 4252326.541 0.0 0.0
0 297045.421 4251474.584 0.0 0.0
2 0
0 295850.457 4252326.541 0.0 0.0
0 293140.833 4248525.992 0.0 0.0
3 0
0 295850.457 4252326.541 0.0 0.0
0 294655.493 4253178.498 0.0 0.0
0 0
0 300850.457 4252326.541 0.0 0.0
0 302719.069 4255176.570 0.0 0.0
1 0
0 300850.457 4252326.541 0.0 0.0
0 302195.183 4251444.876 0.0 0.0
2 0
0 300850.457 4252326.541 0.0 0.0
0 298981.845 4249476.512 0.0 0.0
3 0
0 300850.457 4252326.541 0.0 0.0
0 299505.731 4253208.206 0.0 0.0
0 0
0 305850.457 4252326.541 0.0 0.0
0 305650.457 4255538.999 0.0 0.0
1 0
0 305850.457 4252326.541 0.0 0.0
0 307466.006 4252427.121 0.0 0.0
2 0
0 305850.457 4252326.541 0.0 0.0
0 306050.457 4249114.083 0.0 0.0
3 0
0 305850.457 4252326.541 0.0 0.0
0 304234.908 4252225.961 0.0 0.0
0 0
0 310850.457 4252326.541 0.0 0.0
0 310121.553 4257726.058 0.0 0.0
1 0
0 310850.457 4252326.541 0.0 0.0
0 313673.345 4252707.615 0.0 0.0
2 0
0 310850.457 4252326.541 0.0 0.0
0 311579.361 4246927.024 0.0 0.0
3 0
0 310850.457 4252326.541 0.0 0.0
0 308027.569 4251945.467 0.0 0.0
0 0
0 315850.457 4252326.541 0.0 0.0
0 315771.891 4256727.625 0.0 0.0
1 0
0 315850.457 4252326.541 0.0 0.0
0 317052.051 4252347.991 0.0 0.0
2 0
0 315850.457 4252326.541 0.0 0.0
0 315929.023 4247925.457 0.0 0.0
3 0
0 315850.457 4252326.541 0.0 0.0
0 314648.863 4252305.091 0.0 0.0
0 0
0 320850.457 4252326.541 0.0 0.0
0 321741.717 4255107.687 0.0 0.0
1 0
0 320850.457 4252326.541 0.0 0.0
0 321346.094 4252167.707 0.0 0.0
2 0
0 320850.457 4252326.541 0.0 0.0
0 319959.197 4249545.395 0.0 0.0
3 0
0 320850.457 4252326.541 0.0 0.0
0 320354.820 4252485.375 0.0 0.0
0 0
0 325850.457 4252326.541 0.0 0.0
0 327152.931 4254676.527 0.0 0.0
1 0
0 325850.457 4252326.541 0.0 0.0
0 326801.015 4251799.696 0.0 0.0
2 0
0 325850.457 4252326.541 0.0 0.0
0 324547.983 4249976.555 0.0 0.0
3 0
0 325850.457 4252326.541 0.0 0.0
0 324899.899 4252853.386 0.0 0.0
0 0
0 330850.457 4252326.541 0.0 0.0
0 332412.573 4254800.591 0.0 0.0
1 0
0 330850.457 4252326.541 0.0 0.0
0 332309.838 4251405.087 0.0 0.0
2 0
0 330850.457 4252326.541 0.0 0.0
0 329288.341 4249852.491 0.0 0.0
3 0
0 330850.457 4252326.541 0.0 0.0
0 329391.076 4253247.995 0.0 0.0
0 0
0 335850.457 4252326.541 0.0 0.0
0 337184.876 4255548.114 0.0 0.0
1 0
0 335850.457 4252326.541 0.0 0.0
0 337593.823 4251604.415 0.0 0.0
2 0
0 335850.457 4252326.541 0.0 0.0
0 334516.038 4249104.968 0.0 0.0
3 0
0 335850.457 4252326.541 0.0 0.0
0 334107.091 4253048.667 0.0 0.0
0 0
0 255850.457 4257326.541 0.0 0.0
0 253957.797 4257420.939 0.0 0.0
1 0
0 255850.457 4257326.541 0.0 0.0
0 255655.935 4253426.401 0.0 0.0
2 0
0 255850.457 4257326.541 0.0 0.0
0 257743.117 4257232.143 0.0 0.0
3 0
0 255850.457 4257326.541 0.0 0.0
0 256044.979 4261226.681 0.0 0.0
0 0
0 260850.457 4257326.541 0.0 0.0
0 260805.699 4257837.719 0.0 0.0
1 0
0 260850.457 4257326.541 0.0 0.0
0 262058.967 4257432.357 0.0 0.0
2 0
0 260850.457 4257326.541 0.0 0.0
0 260895.215 4256815.363 0.0 0.0
3 0
0 260850.457 4257326.541 0.0 0.0
0 259641.947 4257220.725 0.0 0.0
0 0
0 265850.457 4257326.541 0.0 0.0
0 267391.047 4260247.316 0.0 0.0
1 0
0 265850.457 4257326.541 0.0 0.0
0 267002.230 4256719.027 0.0 0.0
2 0
0 265850.457 4257326.541 0.0 0.0
0 264309.867 4254405.766 0.0 0.0
3 0
0 265850.457 4257326.541 0.0 0.0
0 264698.684 4257934.055 0.0 0.0
0 0
0 270850.457 4257326.541 0.0 0.0
0 273531.424 4261171.395 0.0 0.0
1 0
0 270850.457 4257326.541 0.0 0.0
0 271988.400 4256533.068 0.0 0.0
2 0
0 270850.457 4257326.541 0.0 0.0
0 268169.490 4253481.687 0.0 0.0
3 0
0 270850.457 4257326.541 0.0 0.0
0 269712.514 4258120.014 0.0 0.0
0 0
0 275850.457 4257326.541 0.0 0.0
0 278613.682 4261034.164 0.0 0.0
1 0
0 275850.457 4257326.541 0.0 0.0
0 276912.100 4256535.317 0.0 0.0
2 0
0 275850.457 4257326.541 0.0 0.0
0 273087.232 4253618.918 0.0 0.0
3 0
0 275850.457 4257326.541 0.0 0.0
0 274788.814 4258117.765 0.0 0.0
0 0
0 280850.457 4257326.541 0.0 0.0
0 283386.323 4260679.710 0.0 0.0
1 0
0 280850.457 4257326.541 0.0 0.0
0 281890.594 4256539.928 0.0 0.0
2 0
0 280850.457 4257326.541 0.0 0.0
0 278314.591 4253973.372 0.0 0.0
3 0
0 280850.457 4257326.541 0.0 0.0
0 279810.320 4258113.154 0.0 0.0
0 0
0 285850.457 4257326.541 0.0 0.0
0 288247.078 4260366.407 0.0 0.0
1 0
0 285850.457 4257326.541 0.0 0.0
0 286848.559 4256539.640 0.0 0.0
2 0
0 285850.457 4257326.541 0.0 0.0
0 283453.836 4254286.675 0.0 0.0
3 0
0 285850.457 4257326.541 0.0 0.0
0 284852.355 4258113.442 0.0 0.0
0 0
0 290850.457 4257326.541 0.0 0.0
0 292909.636 4260183.499 0.0 0.0
1 0
0 290850.457 4257326.541 0.0 0.0
0 291841.558 4256612.196 0.0 0.0
2 0
0 290850.457 4257326.541 0.0 0.0
0 288791.278 4254469.583 0.0 0.0
3 0
0 290850.457 4257326.541 0.0 0.0
0 289859.356 4258040.886 0.0 0.0
0 0
0 295850.457 4257326.541 0.0 0.0
0 297488.631 4259793.762 0.0 0.0
1 0
0 295850.457 4257326.541 0.0 0.0
0 296818.128 4256684.032 0.0 0.0
2 0
0 295850.457 4257326.541 0.0 0.0
0 294212.283 4254859.320 0.0 0.0
3 0
0 295850.457 4257326.541 0.0 0.0
0 294882.786 4257969.050 0.0 0.0
0 0
0 300850.457 4257326.541 0.0 0.0
0 301178.301 4258334.722 0.0 0.0
1 0
0 300850.457 4257326.541 0.0 0.0
0 302429.228 4256813.150 0.0 0.0
2 0
0 300850.457 4257326.541 0.0 0.0
0 300522.613 4256318.360 0.0 0.0
3 0
0 300850.457 4257326.541 0.0 0.0
0 299271.686 4257839.932 0.0 0.0
0 0
0 305850.457 4257326.541 0.0 0.0
0 305852.179 4257315.932 0.0 0.0
1 0
0 305850.457 4257326.541 0.0 0.0
0 309294.655 4257885.457 0.0 0.0
2 0
0 305850.457 4257326.541 0.0 0.0
0 305848.735 4257337.150 0.0 0.0
3 0
0 305850.457 4257326.541 0.0 0.0
0 302406.259 4256767.625 0.0 0.0
0 0
0 310850.457 4257326.541 0.0 0.0
0 310789.630 4257598.655 0.0 0.0
1 0
0 310850.457 4257326.541 0.0 0.0
0 314245.498 4258085.457 0.0 0.0
2 0
0 310850.457 4257326.541 0.0 0.0
0 310911.284 4257054.427 0.0 0.0
3 0
0 310850.457 4257326.541 0.0 0.0
0 307455.416 4256567.625 0.0 0.0
0 0
0 315850.457 4257326.541 0.0 0.0
0 315943.979 4257963.745 0.0 0.0
1 0
0 315850.457 4257326.541 0.0 0.0
0 317279.181 4257116.849 0.0 0.0
2 0
0 315850.457 4257326.541 0.0 0.0
0 315756.935 4256689.337 0.0 0.0
3 0
0 315850.457 4257326.541 0.0 0.0
0 314421.733 4257536.233 0.0 0.0
0 0
0 320850.457 4257326.541 0.0 0.0
0 321901.890 4258267.619 0.0 0.0
1 0
0 320850.457 4257326.541 0.0 0.0
0 322325.072 4255679.006 0.0 0.0
2 0
0 320850.457 4257326.541 0.0 0.0
0 319799.024 4256385.463 0.0 0.0
3 0
0 320850.457 4257326.541 0.0 0.0
0 319375.842 4258974.076 0.0 0.0
0 0
0 325850.457 4257326.541 0.0 0.0
0 327870.685 4258556.070 0.0 0.0
1 0
0 325850.457 4257326.541 0.0 0.0
0 328015.793 4253768.696 0.0 0.0
2 0
0 325850.457 4257326.541 0.0 0.0
0 323830.229 4256097.012 0.0 0.0
3 0
0 325850.457 4257326.541 0.0 0.0
0 323685.121 4260884.386 0.0 0.0
0 0
0 330850.457 4257326.541 0.0 0.0
0 332701.159 4258461.997 0.0 0.0
1 0
0 330850.457 4257326.541 0.0 0.0
0 333293.284 4253344.928 0.0 0.0
2 0
0 330850.457 4257326.541 0.0 0.0
0 328999.755 4256191.085 0.0 0.0
3 0
0 330850.457 4257326.541 0.0 0.0
0 328407.630 4261308.154 0.0 0.0
0 0
0 335850.457 4257326.541 0.0 0.0
0 337256.980 4258282.148 0.0 0.0
1 0
0 335850.457 4257326.541 0.0 0.0
0 338098.610 4254017.566 0.0 0.0
2 0
0 335850.457 4257326.541 0.0 0.0
0 334443.934 4256370.934 0.0 0.0
3 0
0 335850.457 4257326.541 0.0 0.0
0 333602.304 4260635.516 0.0 0.0
0 0
0 255850.457 4262326.541 0.0 0.0
0 255521.555 4262131.796 0.0 0.0
1 0
0 255850.457 4262326.541 0.0 0.0
0 257846.534 4258955.403 0.0 0.0
2 0
0 255850.457 4262326.541 0.0 0.0
0 256179.359 4262521.286 0.0 0.0
3 0
0 255850.457 4262326.541 0.0 0.0
0 253854.380 4265697.679 0.0 0.0
0 0
0 260850.457 4262326.541 0.0 0.0
0 261236.525 4262827.351 0.0 0.0
1 0
0 260850.457 4262326.541 0.0 0.0
0 261905.659 4261513.098 0.0 0.0
2 0
0 260850.457 4262326.541 0.0 0.0
0 260464.389 4261825.731 0.0 0.0
3 0
0 260850.457 4262326.541 0.0 0.0
0 259795.255 4263139.984 0.0 0.0
0 0
0 265850.457 4262326.541 0.0 0.0
0 267251.713 4264828.882 0.0 0.0
1 0
0 265850.457 4262326.541 0.0 0.0
0 266520.518 4261951.321 0.0 0.0
2 0
0 265850.457 4262326.541 0.0 0.0
0 264449.201 4259824.200 0.0 0.0
3 0
0 265850.457 4262326.541 0.0 0.0
0 265180.396 4262701.761 0.0 0.0
0 0
0 270850.457 4262326.541 0.0 0.0
0 272623.792 4265092.874 0.0 0.0
1 0
0 270850.457 4262326.541 0.0 0.0
0 271512.108 4261902.395 0.0 0.0
2 0
0 270850.457 4262326.541 0.0 0.0
0 269077.122 4259560.208 0.0 0.0
3 0
0 270850.457 4262326.541 0.0 0.0
0 270188.806 4262750.687 0.0 0.0
0 0
0 275850.457 4262326.541 0.0 0.0
0 277646.076 4265068.041 0.0 0.0
1 0
0 275850.457 4262326.541 0.0 0.0
0 276667.924 4261791.119 0.0 0.0
2 0
0 275850.457 4262326.541 0.0 0.0
0 274054.838 4259585.041 0.0 0.0
3 0
0 275850.457 4262326.541 0.0 0.0
0 275032.990 4262861.963 0.0 0.0
0 0
0 280850.457 4262326.541 0.0 0.0
0 282730.843 4265103.933 0.0 0.0
1 0
0 280850.457 4262326.541 0.0 0.0
0 281640.488 4261791.664 0.0 0.0
2 0
0 280850.457 4262326.541 0.0 0.0
0 278970.071 4259549.149 0.0 0.0
3 0
0 280850.457 4262326.541 0.0 0.0
0 280060.426 4262861.418 0.0 0.0
0 0
0 285850.457 4262326.541 0.0 0.0
0 287770.943 4265033.429 0.0 0.0
1 0
0 285850.457 4262326.541 0.0 0.0
0 286599.947 4261794.792 0.0 0.0
2 0
0 285850.457 4262326.541 0.0 0.0
0 283929.971 4259619.653 0.0 0.0
3 0
0 285850.457 4262326.541 0.0 0.0
0 285100.967 4262858.290 0.0 0.0
0 0
0 290850.457 4262326.541 0.0 0.0
0 292475.559 4264620.014 0.0 0.0
1 0
0 290850.457 4262326.541 0.0 0.0
0 291756.848 4261684.294 0.0 0.0
2 0
0 290850.457 4262326.541 0.0 0.0
0 289225.355 4260033.068 0.0 0.0
3 0
0 290850.457 4262326.541 0.0 0.0
0 289944.066 4262968.788 0.0 0.0
0 0
0 295850.457 4262326.541 0.0 0.0
0 296118.830 4263040.801 0.0 0.0
1 0
0 295850.457 4262326.541 0.0 0.0
0 297126.379 4261847.132 0.0 0.0
2 0
0 295850.457 4262326.541 0.0 0.0
0 295582.084 4261612.281 0.0 0.0
3 0
0 295850.457 4262326.541 0.0 0.0
0 294574.535 4262805.950 0.0 0.0
0 0
0 300850.457 4262326.541 0.0 0.0
0 300979.415 4261907.560 0.0 0.0
1 0
0 300850.457 4262326.541 0.0 0.0
0 304158.911 4263344.851 0.0 0.0
2 0
0 300850.457 4262326.541 0.0 0.0
0 300721.499 4262745.522 0.0 0.0
3 0
0 300850.457 4262326.541 0.0 0.0
0 297542.003 4261308.231 0.0 0.0
0 0
0 305850.457 4262326.541 0.0 0.0
0 305981.858 4261852.141 0.0 0.0
1 0
0 305850.457 4262326.541 0.0 0.0
0 309134.545 4263236.181 0.0 0.0
2 0
0 305850.457 4262326.541 0.0 0.0
0 305719.056 4262800.941 0.0 0.0
3 0
0 305850.457 4262326.541 0.0 0.0
0 302566.369 4261416.901 0.0 0.0
0 0
0 310850.457 4262326.541 0.0 0.0
0 310856.851 4262370.105 0.0 0.0
1 0
0 310850.457 4262326.541 0.0 0.0
0 312872.822 4262029.721 0.0 0.0
2 0
0 310850.457 4262326.541 0.0 0.0
0 310844.063 4262282.977 0.0 0.0
3 0
0 310850.457 4262326.541 0.0 0.0
0 308828.092 4262623.361 0.0 0.0
0 0
0 315850.457 4262326.541 0.0 0.0
0 316176.022 4262778.238 0.0 0.0
1 0
0 315850.457 4262326.541 0.0 0.0
0 317194.521 4261357.795 0.0 0.0
2 0
0 315850.457 4262326.541 0.0 0.0
0 315524.892 4261874.844 0.0 0.0
3 0
0 315850.457 4262326.541 0.0 0.0
0 314506.393 4263295.287 0.0 0.0
0 0
0 320850.457 4262326.541 0.0 0.0
0 321509.520 4262781.433 0.0 0.0
1 0
0 320850.457 4262326.541 0.0 0.0
0 322157.414 4260432.980 0.0 0.0
2 0
0 320850.457 4262326.541 0.0 0.0
0 320191.394 4261871.649 0.0 0.0
3 0
0 320850.457 4262326.541 0.0 0.0
0 319543.500 4264220.102 0.0 0.0
0 0
0 325850.457 4262326.541 0.0 0.0
0 327162.576 4263015.966 0.0 0.0
1 0
0 325850.457 4262326.541 0.0 0.0
0 327702.711 4258801.319 0.0 0.0
2 0
0 325850.457 4262326.541 0.0 0.0
0 324538.338 4261637.116 0.0 0.0
3 0
0 325850.457 4262326.541 0.0 0.0
0 323998.203 4265851.763 0.0 0.0
0 0
0 330850.457 4262326.541 0.0 0.0
0 332347.194 4263090.653 0.0 0.0
1 0
0 330850.457 4262326.541 0.0 0.0
0 333342.399 4257445.339 0.0 0.0
2 0
0 330850.457 4262326.541 0.0 0.0
0 329353.720 4261562.429 0.0 0.0
3 0
0 330850.457 4262326.541 0.0 0.0
0 328358.515 4267207.743 0.0 0.0
0 0
0 335850.457 4262326.541 0.0 0.0
0 337446.917 4263114.240 0.0 0.0
1 0
0 335850.457 4262326.541 0.0 0.0
0 338408.057 4257142.958 0.0 0.0
2 0
0 335850.457 4262326.541 0.0 0.0
0 334253.997 4261538.842 0.0 0.0
3 0
0 335850.457 4262326.541 0.0 0.0
0 333292.857 4267510.124 0.0 0.0
0 0
0 255850.457 4267326.541 0.0 0.0
0 256883.936 4269821.579 0.0 0.0
1 0
0 255850.457 4267326.541 0.0 0.0
0 257144.452 4266790.551 0.0 0.0
2 0
0 255850.457 4267326.541 0.0 0.0
0 254816.978 4264831.503 0.0 0.0
3 0
0 255850.457 4267326.541 0.0 0.0
0 254556.462 4267862.531 0.0 0.0
0 0
0 260850.457 4267326.541 0.0 0.0
0 261949.710 4270460.271 0.0 0.0
1 0
0 260850.457 4267326.541 0.0 0.0
0 261342.028 4267154.107 0.0 0.0
2 0
0 260850.457 4267326.541 0.0 0.0
0 259751.204 4264192.811 0.0 0.0
3 0
0 260850.457 4267326.541 0.0 0.0
0 260358.886 4267498.975 0.0 0.0
0 0
0 265850.457 4267326.541 0.0 0.0
0 266885.338 4270249.683 0.0 0.0
1 0
0 265850.457 4267326.541 0.0 0.0
0 265474.262 4267459.725 0.0 0.0
2 0
0 265850.457 4267326.541 0.0 0.0
0 264815.576 4264403.399 0.0 0.0
3 0
0 265850.457 4267326.541 0.0 0.0
0 266226.652 4267193.357 0.0 0.0
0 0
0 270850.457 4267326.541 0.0 0.0
0 272278.875 4270145.388 0.0 0.0
1 0
0 270850.457 4267326.541 0.0 0.0
0 271350.079 4267073.364 0.0 0.0
2 0
0 270850.457 4267326.541 0.0 0.0
0 269422.039 4264507.694 0.0 0.0
3 0
0 270850.457 4267326.541 0.0 0.0
0 270350.835 4267579.718 0.0 0.0
0 0
0 275850.457 4267326.541 0.0 0.0
0 277471.847 4270190.224 0.0 0.0
1 0
0 275850.457 4267326.541 0.0 0.0
0 276538.640 4266936.898 0.0 0.0
2 0
0 275850.457 4267326.541 0.0 0.0
0 274229.067 4264462.858 0.0 0.0
3 0
0 275850.457 4267326.541 0.0 0.0
0 275162.274 4267716.184 0.0 0.0
0 0
0 280850.457 4267326.541 0.0 0.0
0 282539.348 4270059.224 0.0 0.0
1 0
0 280850.457 4267326.541 0.0 0.0
0 281541.578 4266899.405 0.0 0.0
2 0
0 280850.457 4267326.541 0.0 0.0
0 279161.566 4264593.858 0.0 0.0
3 0
0 280850.457 4267326.541 0.0 0.0
0 280159.336 4267753.677 0.0 0.0
0 0
0 285850.457 4267326.541 0.0 0.0
0 287353.709 4269625.037 0.0 0.0
1 0
0 285850.457 4267326.541 0.0 0.0
0 286475.143 4266917.986 0.0 0.0
2 0
0 285850.457 4267326.541 0.0 0.0
0 284347.205 4265028.045 0.0 0.0
3 0
0 285850.457 4267326.541 0.0 0.0
0 285225.771 4267735.096 0.0 0.0
0 0
0 290850.457 4267326.541 0.0 0.0
0 291229.294 4268241.135 0.0 0.0
1 0
0 290850.457 4267326.541 0.0 0.0
0 291765.051 4266947.704 0.0 0.0
2 0
0 290850.457 4267326.541 0.0 0.0
0 290471.620 4266411.947 0.0 0.0
3 0
0 290850.457 4267326.541 0.0 0.0
0 289935.863 4267705.378 0.0 0.0
0 0
0 295850.457 4267326.541 0.0 0.0
0 295908.718 4267105.060 0.0 0.0
1 0
0 295850.457 4267326.541 0.0 0.0
0 298626.985 4268056.915 0.0 0.0
2 0
0 295850.457 4267326.541 0.0 0.0
0 295792.196 4267548.022 0.0 0.0
3 0
0 295850.457 4267326.541 0.0 0.0
0 293073.929 4266596.167 0.0 0.0
0 0
0 300850.457 4267326.541 0.0 0.0
0 300884.739 4267076.960 0.0 0.0
1 0
0 300850.457 4267326.541 0.0 0.0
0 303672.039 4267714.109 0.0 0.0
2 0
0 300850.457 4267326.541 0.0 0.0
0 300816.175 4267576.122 0.0 0.0
3 0
0 300850.457 4267326.541 0.0 0.0
0 298028.875 4266938.973 0.0 0.0
0 0
0 305850.457 4267326.541 0.0 0.0
0 305915.383 4267498.255 0.0 0.0
1 0
0 305850.457 4267326.541 0.0 0.0
0 307799.376 4266589.646 0.0 0.0
2 0
0 305850.457 4267326.541 0.0 0.0
0 305785.531 4267154.827 0.0 0.0
3 0
0 305850.457 4267326.541 0.0 0.0
0 303901.538 4268063.436 0.0 0.0
0 0
0 310850.457 4267326.541 0.0 0.0
0 311056.941 4267596.881 0.0 0.0
1 0
0 310850.457 4267326.541 0.0 0.0
0 312392.327 4266148.867 0.0 0.0
2 0
0 310850.457 4267326.541 0.0 0.0
0 310643.973 4267056.201 0.0 0.0
3 0
0 310850.457 4267326.541 0.0 0.0
0 309308.587 4268504.215 0.0 0.0
0 0
0 315850.457 4267326.541 0.0 0.0
0 316055.819 4267602.554 0.0 0.0
1 0
0 315850.457 4267326.541 0.0 0.0
0 317249.680 4266285.476 0.0 0.0
2 0
0 315850.457 4267326.541 0.0 0.0
0 315645.095 4267050.528 0.0 0.0
3 0
0 315850.457 4267326.541 0.0 0.0
0 314451.234 4268367.606 0.0 0.0
0 0
0 320850.457 4267326.541 0.0 0.0
0 321243.406 4267805.861 0.0 0.0
1 0
0 320850.457 4267326.541 0.0 0.0
0 321948.451 4266426.401 0.0 0.0
2 0
0 320850.457 4267326.541 0.0 0.0
0 320457.508 4266847.221 0.0 0.0
3 0
0 320850.457 4267326.541 0.0 0.0
0 319752.463 4268226.681 0.0 0.0
0 0
0 325850.457 4267326.541 0.0 0.0
0 326901.890 4268267.619 0.0 0.0
1 0
0 325850.457 4267326.541 0.0 0.0
0 327325.072 4265679.006 0.0 0.0
2 0
0 325850.457 4267326.541 0.0 0.0
0 324799.024 4266385.463 0.0 0.0
3 0
0 325850.457 4267326.541 0.0 0.0
0 324375.842 4268974.076 0.0 0.0
0 0
0 330850.457 4267326.541 0.0 0.0
0 332367.407 4268264.068 0.0 0.0
1 0
0 330850.457 4267326.541 0.0 0.0
0 332734.300 4264278.420 0.0 0.0
2 0
0 330850.457 4267326.541 0.0 0.0
0 329333.507 4266389.014 0.0 0.0
3 0
0 330850.457 4267326.541 0.0 0.0
0 328966.614 4270374.662 0.0 0.0
0 0
0 335850.457 4267326.541 0.0 0.0
0 337524.139 4268140.010 0.0 0.0
1 0
0 335850.457 4267326.541 0.0 0.0
0 338150.193 4262594.917 0.0 0.0
2 0
0 335850.457 4267326.541 0.0 0.0
0 334176.775 4266513.072 0.0 0.0
3 0
0 335850.457 4267326.541 0.0 0.0
0 333550.721 4272058.165 0.0 0.0
0 0
0 260850.457 4272326.541 0.0 0.0
0 261595.368 4276092.045 0.0 0.0
1 0
0 260850.457 4272326.541 0.0 0.0
0 260692.005 4272357.887 0.0 0.0
2 0
0 260850.457 4272326.541 0.0 0.0
0 260105.546 4268561.037 0.0 0.0
3 0
0 260850.457 4272326.541 0.0 0.0
0 261008.909 4272295.195 0.0 0.0
0 0
0 265850.457 4272326.541 0.0 0.0
0 265381.648 4276134.725 0.0 0.0
1 0
0 265850.457 4272326.541 0.0 0.0
0 264497.601 4272159.997 0.0 0.0
2 0
0 265850.457 4272326.541 0.0 0.0
0 266319.266 4268518.357 0.0 0.0
3 0
0 265850.457 4272326.541 0.0 0.0
0 267203.313 4272493.085 0.0 0.0
0 0
0 270850.457 4272326.541 0.0 0.0
0 271647.344 4275565.272 0.0 0.0
1 0
0 270850.457 4272326.541 0.0 0.0
0 269913.722 4272557.024 0.0 0.0
2 0
0 270850.457 4272326.541 0.0 0.0
0 270053.570 4269087.810 0.0 0.0
3 0
0 270850.457 4272326.541 0.0 0.0
0 271787.192 4272096.058 0.0 0.0
0 0
0 275850.457 4272326.541 0.0 0.0
0 277151.053 4274985.791 0.0 0.0
1 0
0 275850.457 4272326.541 0.0 0.0
0 276263.918 4272124.324 0.0 0.0
2 0
0 275850.457 4272326.541 0.0 0.0
0 274549.861 4269667.291 0.0 0.0
3 0
0 275850.457 4272326.541 0.0 0.0
0 275436.996 4272528.758 0.0 0.0
0 0
0 280850.457 4272326.541 0.0 0.0
0 282032.310 4274467.275 0.0 0.0
1 0
0 280850.457 4272326.541 0.0 0.0
0 281502.932 4271966.324 0.0 0.0
2 0
0 280850.457 4272326.541 0.0 0.0
0 279668.604 4270185.807 0.0 0.0
3 0
0 280850.457 4272326.541 0.0 0.0
0 280197.982 4272686.758 0.0 0.0
0 0
0 285850.457 4272326.541 0.0 0.0
0 286361.059 4273436.702 0.0 0.0
1 0
0 285850.457 4272326.541 0.0 0.0
0 286415.511 4272066.653 0.0 0.0
2 0
0 285850.457 4272326.541 0.0 0.0
0 285339.855 4271216.380 0.0 0.0
3 0
0 285850.457 4272326.541 0.0 0.0
0 285285.403 4272586.429 0.0 0.0
0 0
0 290850.457 4272326.541 0.0 0.0
0 290844.621 4272431.918 0.0 0.0
1 0
0 290850.457 4272326.541 0.0 0.0
0 292553.386 4272420.858 0.0 0.0
2 0
0 290850.457 4272326.541 0.0 0.0
0 290856.293 4272221.164 0.0 0.0
3 0
0 290850.457 4272326.541 0.0 0.0
0 289147.528 4272232.224 0.0 0.0
0 0
0 295850.457 4272326.541 0.0 0.0
0 295850.663 4272331.072 0.0 0.0
1 0
0 295850.457 4272326.541 0.0 0.0
0 298052.729 4272226.644 0.0 0.0
2 0
0 295850.457 4272326.541 0.0 0.0
0 295850.251 4272322.010 0.0 0.0
3 0
0 295850.457 4272326.541 0.0 0.0
0 293648.185 4272426.438 0.0 0.0
0 0
0 300850.457 4272326.541 0.0 0.0
0 301023.461 4272744.210 0.0 0.0
1 0
0 300850.457 4272326.541 0.0 0.0
0 302653.945 4271579.512 0.0 0.0
2 0
0 300850.457 4272326.541 0.0 0.0
0 300677.453 4271908.872 0.0 0.0
3 0
0 300850.457 4272326.541 0.0 0.0
0 299046.969 4273073.570 0.0 0.0
0 0
0 305850.457 4272326.541 0.0 0.0
0 305970.153 4272647.414 0.0 0.0
1 0
0 305850.457 4272326.541 0.0 0.0
0 307389.344 4271752.485 0.0 0.0
2 0
0 305850.457 4272326.541 0.0 0.0
0 305730.761 4272005.668 0.0 0.0
3 0
0 305850.457 4272326.541 0.0 0.0
0 304311.570 4272900.597 0.0 0.0
0 0
0 310850.457 4272326.541 0.0 0.0
0 310976.948 4272706.014 0.0 0.0
1 0
0 310850.457 4272326.541 0.0 0.0
0 312368.350 4271820.577 0.0 0.0
2 0
0 310850.457 4272326.541 0.0 0.0
0 310723.966 4271947.068 0.0 0.0
3 0
0 310850.457 4272326.541 0.0 0.0
0 309332.564 4272832.505 0.0 0.0
0 0
0 315850.457 4272326.541 0.0 0.0
0 315991.759 4272667.673 0.0 0.0
1 0
0 315850.457 4272326.541 0.0 0.0
0 317207.857 4271764.288 0.0 0.0
2 0
0 315850.457 4272326.541 0.0 0.0
0 315709.155 4271985.409 0.0 0.0
3 0
0 315850.457 4272326.541 0.0 0.0
0 314493.057 4272888.794 0.0 0.0
0 0
0 320850.457 4272326.541 0.0 0.0
0 321278.893 4273003.555 0.0 0.0
1 0
0 320850.457 4272326.541 0.0 0.0
0 321949.976 4271630.731 0.0 0.0
2 0
0 320850.457 4272326.541 0.0 0.0
0 320422.021 4271649.527 0.0 0.0
3 0
0 320850.457 4272326.541 0.0 0.0
0 319750.938 4273022.351 0.0 0.0
0 0
0 325850.457 4272326.541 0.0 0.0
0 327088.535 4273802.234 0.0 0.0
1 0
0 325850.457 4272326.541 0.0 0.0
0 327019.714 4271345.556 0.0 0.0
2 0
0 325850.457 4272326.541 0.0 0.0
0 324612.379 4270850.848 0.0 0.0
3 0
0 325850.457 4272326.541 0.0 0.0
0 324681.200 4273307.526 0.0 0.0
0 0
0 330850.457 4272326.541 0.0 0.0
0 332606.005 4274257.228 0.0 0.0
1 0
0 330850.457 4272326.541 0.0 0.0
0 332041.276 4271243.745 0.0 0.0
2 0
0 330850.457 4272326.541 0.0 0.0
0 329094.909 4270395.854 0.0 0.0
3 0
0 330850.457 4272326.541 0.0 0.0
0 329659.638 4273409.337 0.0 0.0
0 0
0 335850.457 4272326.541 0.0 0.0
0 337723.594 4274003.079 0.0 0.0
1 0
0 335850.457 4272326.541 0.0 0.0
0 337193.534 4270825.968 0.0 0.0
2 0
0 335850.457 4272326.541 0.0 0.0
0 333977.320 4270650.003 0.0 0.0
3 0
0 335850.457 4272326.541 0.0 0.0
0 334507.380 4273827.114 0.0 0.0
0 0
0 265850.457 4277326.541 0.0 0.0
0 264703.074 4281266.721 0.0 0.0
1 0
0 265850.457 4277326.541 0.0 0.0
0 264413.964 4276908.233 0.0 0.0
2 0
0 265850.457 4277326.541 0.0 0.0
0 266997.840 4273386.361 0.0 0.0
3 0
0 265850.457 4277326.541 0.0 0.0
0 267286.950 4277744.849 0.0 0.0
0 0
0 270850.457 4277326.541 0.0 0.0
0 269408.032 4280808.864 0.0 0.0
1 0
0 270850.457 4277326.541 0.0 0.0
0 269066.666 4276587.671 0.0 0.0
2 0
0 270850.457 4277326.541 0.0 0.0
0 272292.882 4273844.218 0.0 0.0
3 0
0 270850.457 4277326.541 0.0 0.0
0 272634.248 4278065.411 0.0 0.0
0 0
0 275850.457 4277326.541 0.0 0.0
0 276006.187 4279827.924 0.0 0.0
1 0
0 275850.457 4277326.541 0.0 0.0
0 274958.410 4277382.078 0.0 0.0
2 0
0 275850.457 4277326.541 0.0 0.0
0 275694.727 4274825.158 0.0 0.0
3 0
0 275850.457 4277326.541 0.0 0.0
0 276742.504 4277271.004 0.0 0.0
0 0
0 280850.457 4277326.541 0.0 0.0
0 281389.562 4278771.735 0.0 0.0
1 0
0 280850.457 4277326.541 0.0 0.0
0 281265.024 4277171.894 0.0 0.0
2 0
0 280850.457 4277326.541 0.0 0.0
0 280311.352 4275881.347 0.0 0.0
3 0
0 280850.457 4277326.541 0.0 0.0
0 280435.890 4277481.188 0.0 0.0
0 0
0 285850.457 4277326.541 0.0 0.0
0 285997.224 4277988.104 0.0 0.0
1 0
0 285850.457 4277326.541 0.0 0.0
0 286804.899 4277114.799 0.0 0.0
2 0
0 285850.457 4277326.541 0.0 0.0
0 285703.690 4276664.978 0.0 0.0
3 0
0 285850.457 4277326.541 0.0 0.0
0 284896.015 4277538.283 0.0 0.0
0 0
0 290850.457 4277326.541 0.0 0.0
0 290901.677 4277843.815 0.0 0.0
1 0
0 290850.457 4277326.541 0.0 0.0
0 292362.865 4277176.783 0.0 0.0
2 0
0 290850.457 4277326.541 0.0 0.0
0 290799.237 4276809.267 0.0 0.0
3 0
0 290850.457 4277326.541 0.0 0.0
0 289338.049 4277476.299 0.0 0.0
0 0
0 295850.457 4277326.541 0.0 0.0
0 295931.591 4277953.658 0.0 0.0
1 0
0 295850.457 4277326.541 0.0 0.0
0 297171.789 4277155.592 0.0 0.0
2 0
0 295850.457 4277326.541 0.0 0.0
0 295769.323 4276699.424 0.0 0.0
3 0
0 295850.457 4277326.541 0.0 0.0
0 294529.125 4277497.490 0.0 0.0
0 0
0 300850.457 4277326.541 0.0 0.0
0 300912.182 4277852.282 0.0 0.0
1 0
0 300850.457 4277326.541 0.0 0.0
0 302468.694 4277136.549 0.0 0.0
2 0
0 300850.457 4277326.541 0.0 0.0
0 300788.732 4276800.800 0.0 0.0
3 0
0 300850.457 4277326.541 0.0 0.0
0 299232.220 4277516.533 0.0 0.0
0 0
0 305850.457 4277326.541 0.0 0.0
0 305893.099 4277656.138 0.0 0.0
1 0
0 305850.457 4277326.541 0.0 0.0
0 307469.309 4277117.100 0.0 0.0
2 0
0 305850.457 4277326.541 0.0 0.0
0 305807.815 4276996.944 0.0 0.0
3 0
0 305850.457 4277326.541 0.0 0.0
0 304231.605 4277535.982 0.0 0.0
0 0
0 310850.457 4277326.541 0.0 0.0
0 310895.127 4277515.767 0.0 0.0
1 0
0 310850.457 4277326.541 0.0 0.0
0 312402.232 4276960.217 0.0 0.0
2 0
0 310850.457 4277326.541 0.0 0.0
0 310805.787 4277137.315 0.0 0.0
3 0
0 310850.457 4277326.541 0.0 0.0
0 309298.682 4277692.865 0.0 0.0
0 0
0 315850.457 4277326.541 0.0 0.0
0 315991.759 4277667.673 0.0 0.0
1 0
0 315850.457 4277326.541 0.0 0.0
0 317207.857 4276764.288 0.0 0.0
2 0
0 315850.457 4277326.541 0.0 0.0
0 315709.155 4276985.409 0.0 0.0
3 0
0 315850.457 4277326.541 0.0 0.0
0 314493.057 4277888.794 0.0 0.0
0 0
0 320850.457 4277326.541 0.0 0.0
0 321590.064 4278352.690 0.0 0.0
1 0
0 320850.457 4277326.541 0.0 0.0
0 321876.606 4276586.934 0.0 0.0
2 0
0 320850.457 4277326.541 0.0 0.0
0 320110.850 4276300.392 0.0 0.0
3 0
0 320850.457 4277326.541 0.0 0.0
0 319824.308 4278066.148 0.0 0.0
0 0
0 325850.457 4277326.541 0.0 0.0
0 327496.449 4279237.846 0.0 0.0
1 0
0 325850.457 4277326.541 0.0 0.0
0 327004.022 4276333.106 0.0 0.0
2 0
0 325850.457 4277326.541 0.0 0.0
0 324204.465 4275415.236 0.0 0.0
3 0
0 325850.457 4277326.541 0.0 0.0
0 324696.892 4278319.976 0.0 0.0
0 0
0 330850.457 4277326.541 0.0 0.0
0 332705.138 4279451.298 0.0 0.0
1 0
0 330850.457 4277326.541 0.0 0.0
0 332071.177 4276260.985 0.0 0.0
2 0
0 330850.457 4277326.541 0.0 0.0
0 328995.776 4275201.784 0.0 0.0
3 0
0 330850.457 4277326.541 0.0 0.0
0 329629.737 4278392.097 0.0 0.0
0 0
0 265850.457 4282326.541 0.0 0.0
0 264248.491 4285909.473 0.0 0.0
1 0
0 265850.457 4282326.541 0.0 0.0
0 264594.987 4281765.207 0.0 0.0
2 0
0 265850.457 4282326.541 0.0 0.0
0 267452.423 4278743.609 0.0 0.0
3 0
0 265850.457 4282326.541 0.0 0.0
0 267105.927 4282887.875 0.0 0.0
0 0
0 270850.457 4282326.541 0.0 0.0
0 268298.807 4285439.054 0.0 0.0
1 0
0 270850.457 4282326.541 0.0 0.0
0 269709.588 4281391.252 0.0 0.0
2 0
0 270850.457 4282326.541 0.0 0.0
0 273402.107 4279214.028 0.0 0.0
3 0
0 270850.457 4282326.541 0.0 0.0
0 271991.326 4283261.830 0.0 0.0
0 0
0 275850.457 4282326.541 0.0 0.0
0 273845.999 4284566.052 0.0 0.0
1 0
0 275850.457 4282326.541 0.0 0.0
0 274960.430 4281529.929 0.0 0.0
2 0
0 275850.457 4282326.541 0.0 0.0
0 277854.915 4280087.030 0.0 0.0
3 0
0 275850.457 4282326.541 0.0 0.0
0 276740.484 4283123.153 0.0 0.0
0 0
0 280850.457 4282326.541 0.0 0.0
0 280563.783 4283650.001 0.0 0.0
1 0
0 280850.457 4282326.541 0.0 0.0
0 280707.915 4282295.665 0.0 0.0
2 0
0 280850.457 4282326.541 0.0 0.0
0 281137.131 4281003.081 0.0 0.0
3 0
0 280850.457 4282326.541 0.0 0.0
0 280992.999 4282357.417 0.0 0.0
0 0
0 285850.457 4282326.541 0.0 0.0
0 285920.897 4283037.915 0.0 0.0
1 0
0 285850.457 4282326.541 0.0 0.0
0 286661.344 4282246.247 0.0 0.0
2 0
0 285850.457 4282326.541 0.0 0.0
0 285780.017 4281615.167 0.0 0.0
3 0
0 285850.457 4282326.541 0.0 0.0
0 285039.570 4282406.835 0.0 0.0
0 0
0 290850.457 4282326.541 0.0 0.0
0 290895.215 4282837.719 0.0 0.0
1 0
0 290850.457 4282326.541 0.0 0.0
0 292058.967 4282220.725 0.0 0.0
2 0
0 290850.457 4282326.541 0.0 0.0
0 290805.699 4281815.363 0.0 0.0
3 0
0 290850.457 4282326.541 0.0 0.0
0 289641.947 4282432.357 0.0 0.0
0 0
0 295850.457 4282326.541 0.0 0.0
0 295872.883 4282731.459 0.0 0.0
1 0
0 295850.457 4282326.541 0.0 0.0
0 297253.845 4282248.814 0.0 0.0
2 0
0 295850.457 4282326.541 0.0 0.0
0 295828.031 4281921.623 0.0 0.0
3 0
0 295850.457 4282326.541 0.0 0.0
0 294447.069 4282404.268 0.0 0.0
0 0
0 300850.457 4282326.541 0.0 0.0
0 300867.353 4282631.612 0.0 0.0
1 0
0 300850.457 4282326.541 0.0 0.0
0 302353.692 4282243.284 0.0 0.0
2 0
0 300850.457 4282326.541 0.0 0.0
0 300833.561 4282021.470 0.0 0.0
3 0
0 300850.457 4282326.541 0.0 0.0
0 299347.222 4282409.798 0.0 0.0
0 0
0 305850.457 4282326.541 0.0 0.0
0 305874.676 4282547.170 0.0 0.0
1 0
0 305850.457 4282326.541 0.0 0.0
0 307462.727 4282149.559 0.0 0.0
2 0
0 305850.457 4282326.541 0.0 0.0
0 305826.238 4282105.912 0.0 0.0
3 0
0 305850.457 4282326.541 0.0 0.0
0 304238.187 4282503.523 0.0 0.0
0 0
0 310850.457 4282326.541 0.0 0.0
0 310922.113 4282688.760 0.0 0.0
1 0
0 310850.457 4282326.541 0.0 0.0
0 312291.764 4282041.414 0.0 0.0
2 0
0 310850.457 4282326.541 0.0 0.0
0 310778.801 4281964.322 0.0 0.0
3 0
0 310850.457 4282326.541 0.0 0.0
0 309409.150 4282611.668 0.0 0.0
0 0
0 315850.457 4282326.541 0.0 0.0
0 316114.489 4282963.971 0.0 0.0
1 0
0 315850.457 4282326.541 0.0 0.0
0 317042.215 4281832.899 0.0 0.0
2 0
0 315850.457 4282326.541 0.0 0.0
0 315586.425 4281689.111 0.0 0.0
3 0
0 315850.457 4282326.541 0.0 0.0
0 314658.699 4282820.183 0.0 0.0
0 0
0 320850.457 4282326.541 0.0 0.0
0 322061.175 4283841.130 0.0 0.0
1 0
0 320850.457 4282326.541 0.0 0.0
0 321818.270 4281552.900 0.0 0.0
2 0
0 320850.457 4282326.541 0.0 0.0
0 319639.739 4280811.952 0.0 0.0
3 0
0 320850.457 4282326.541 0.0 0.0
0 319882.644 4283100.182 0.0 0.0
0 0
0 325850.457 4282326.541 0.0 0.0
0 327747.450 4284557.319 0.0 0.0
1 0
0 325850.457 4282326.541 0.0 0.0
0 326938.536 4281401.268 0.0 0.0
2 0
0 325850.457 4282326.541 0.0 0.0
0 323953.464 4280095.763 0.0 0.0
3 0
0 325850.457 4282326.541 0.0 0.0
0 324762.378 4283251.814 0.0 0.0
0 0
0 275850.457 4287326.541 0.0 0.0
0 272456.344 4290720.654 0.0 0.0
1 0
0 275850.457 4287326.541 0.0 0.0
0 275709.036 4287185.120 0.0 0.0
2 0
0 275850.457 4287326.541 0.0 0.0
0 279244.570 4283932.428 0.0 0.0
3 0
0 275850.457 4287326.541 0.0 0.0
0 275991.878 4287467.962 0.0 0.0
0 0
0 280850.457 4287326.541 0.0 0.0
0 278614.528 4289762.319 0.0 0.0
1 0
0 280850.457 4287326.541 0.0 0.0
0 281002.521 4287466.128 0.0 0.0
2 0
0 280850.457 4287326.541 0.0 0.0
0 283086.386 4284890.763 0.0 0.0
3 0
0 280850.457 4287326.541 0.0 0.0
0 280698.393 4287186.954 0.0 0.0
0 0
0 285850.457 4287326.541 0.0 0.0
0 285241.143 4288346.665 0.0 0.0
1 0
0 285850.457 4287326.541 0.0 0.0
0 286097.917 4287474.347 0.0 0.0
2 0
0 285850.457 4287326.541 0.0 0.0
0 286459.771 4286306.417 0.0 0.0
3 0
0 285850.457 4287326.541 0.0 0.0
0 285602.997 4287178.735 0.0 0.0
0 0
0 290850.457 4287326.541 0.0 0.0
0 290821.598 4287732.624 0.0 0.0
1 0
0 290850.457 4287326.541 0.0 0.0
0 291855.030 4287397.934 0.0 0.0
2 0
0 290850.457 4287326.541 0.0 0.0
0 290879.316 4286920.458 0.0 0.0
3 0
0 290850.457 4287326.541 0.0 0.0
0 289845.884 4287255.148 0.0 0.0
0 0
0 295850.457 4287326.541 0.0 0.0
0 295850.457 4287626.541 0.0 0.0
1 0
0 295850.457 4287326.541 0.0 0.0
0 297150.457 4287326.541 0.0 0.0
2 0
0 295850.457 4287326.541 0.0 0.0
0 295850.457 4287026.541 0.0 0.0
3 0
0 295850.457 4287326.541 0.0 0.0
0 294550.457 4287326.541 0.0 0.0
0 0
0 300850.457 4287326.541 0.0 0.0
0 300859.312 4287627.880 0.0 0.0
1 0
0 300850.457 4287326.541 0.0 0.0
0 302251.322 4287285.375 0.0 0.0
2 0
0 300850.457 4287326.541 0.0 0.0
0 300841.602 4287025.202 0.0 0.0
3 0
0 300850.457 4287326.541 0.0 0.0
0 299449.592 4287367.707 0.0 0.0
0 0
0 305850.457 4287326.541 0.0 0.0
0 305882.666 4287737.049 0.0 0.0
1 0
0 305850.457 4287326.541 0.0 0.0
0 307357.594 4287208.289 0.0 0.0
2 0
0 305850.457 4287326.541 0.0 0.0
0 305818.248 4286916.033 0.0 0.0
3 0
0 305850.457 4287326.541 0.0 0.0
0 304343.320 4287444.793 0.0 0.0
0 0
0 310850.457 4287326.541 0.0 0.0
0 310941.078 4287710.417 0.0 0.0
1 0
0 310850.457 4287326.541 0.0 0.0
0 312207.582 4287006.167 0.0 0.0
2 0
0 310850.457 4287326.541 0.0 0.0
0 310759.836 4286942.665 0.0 0.0
3 0
0 310850.457 4287326.541 0.0 0.0
0 309493.332 4287646.915 0.0 0.0
0 0
0 315850.457 4287326.541 0.0 0.0
0 316373.776 4288234.211 0.0 0.0
1 0
0 315850.457 4287326.541 0.0 0.0
0 316844.759 4286753.274 0.0 0.0
2 0
0 315850.457 4287326.541 0.0 0.0
0 315327.138 4286418.871 0.0 0.0
3 0
0 315850.457 4287326.541 0.0 0.0
0 314856.155 4287899.808 0.0 0.0
0 0
0 320850.457 4287326.541 0.0 0.0
0 322379.678 4289232.892 0.0 0.0
1 0
0 320850.457 4287326.541 0.0 0.0
0 321820.758 4286548.193 0.0 0.0
2 0
0 320850.457 4287326.541 0.0 0.0
0 319321.236 4285420.190 0.0 0.0
3 0
0 320850.457 4287326.541 0.0 0.0
0 319880.156 4288104.889 0.0 0.0
0 0
0 285850.457 4292326.541 0.0 0.0
0 283151.797 4295145.084 0.0 0.0
1 0
0 285850.457 4292326.541 0.0 0.0
0 286357.637 4292812.149 0.0 0.0
2 0
0 285850.457 4292326.541 0.0 0.0
0 288549.117 4289507.998 0.0 0.0
3 0
0 285850.457 4292326.541 0.0 0.0
0 285343.277 4291840.933 0.0 0.0
0 0
0 290850.457 4292326.541 0.0 0.0
0 289829.565 4293593.211 0.0 0.0
1 0
0 290850.457 4292326.541 0.0 0.0
0 291416.389 4292782.663 0.0 0.0
2 0
0 290850.457 4292326.541 0.0 0.0
0 291871.349 4291059.871 0.0 0.0
3 0
0 290850.457 4292326.541 0.0 0.0
0 290284.525 4291870.419 0.0 0.0
0 0
0 295850.457 4292326.541 0.0 0.0
0 295765.260 4292687.442 0.0 0.0
1 0
0 295850.457 4292326.541 0.0 0.0
0 296795.307 4292549.590 0.0 0.0
2 0
0 295850.457 4292326.541 0.0 0.0
0 295935.654 4291965.640 0.0 0.0
3 0
0 295850.457 4292326.541 0.0 0.0
0 294905.607 4292103.492 0.0 0.0
0 0
0 300850.457 4292326.541 0.0 0.0
0 300831.429 4292632.175 0.0 0.0
1 0
0 300850.457 4292326.541 0.0 0.0
0 302154.159 4292407.707 0.0 0.0
2 0
0 300850.457 4292326.541 0.0 0.0
0 300869.485 4292020.907 0.0 0.0
3 0
0 300850.457 4292326.541 0.0 0.0
0 299546.755 4292245.375 0.0 0.0
0 0
0 305850.457 4292326.541 0.0 0.0
0 305857.168 4292528.094 0.0 0.0
1 0
0 305850.457 4292326.541 0.0 0.0
0 307151.401 4292283.224 0.0 0.0
2 0
0 305850.457 4292326.541 0.0 0.0
0 305843.746 4292124.988 0.0 0.0
3 0
0 305850.457 4292326.541 0.0 0.0
0 304549.513 4292369.858 0.0 0.0
0 0
0 310850.457 4292326.541 0.0 0.0
0 310953.908 4292792.851 0.0 0.0
1 0
0 310850.457 4292326.541 0.0 0.0
0 312000.152 4292071.482 0.0 0.0
2 0
0 310850.457 4292326.541 0.0 0.0
0 310747.006 4291860.231 0.0 0.0
3 0
0 310850.457 4292326.541 0.0 0.0
0 309700.762 4292581.600 0.0 0.0
0 0
0 315850.457 4292326.541 0.0 0.0
0 316667.032 4293594.685 0.0 0.0
1 0
0 315850.457 4292326.541 0.0 0.0
0 316614.136 4291834.798 0.0 0.0
2 0
0 315850.457 4292326.541 0.0 0.0
0 315033.882 4291058.397 0.0 0.0
3 0
0 315850.457 4292326.541 0.0 0.0
0 315086.778 4292818.284 0.0 0.0
0 0
0 295850.457 4297326.541 0.0 0.0
0 294813.706 4298568.789 0.0 0.0
1 0
0 295850.457 4297326.541 0.0 0.0
0 296324.954 4297722.545 0.0 0.0
2 0
0 295850.457 4297326.541 0.0 0.0
0 296887.208 4296084.293 0.0 0.0
3 0
0 295850.457 4297326.541 0.0 0.0
0 295375.960 4296930.537 0.0 0.0
0 0
0 300850.457 4297326.541 0.0 0.0
0 300765.260 4297687.442 0.0 0.0
1 0
0 300850.457 4297326.541 0.0 0.0
0 301795.307 4297549.590 0.0 0.0
2 0
0 300850.457 4297326.541 0.0 0.0
0 300935.654 4296965.640 0.0 0.0
3 0
0 300850.457 4297326.541 0.0 0.0
0 299905.607 4297103.492 0.0 0.0
0 0
0 305850.457 4297326.541 0.0 0.0
0 305867.151 4297827.928 0.0 0.0
1 0
0 305850.457 4297326.541 0.0 0.0
0 306851.567 4297293.208 0.0 0.0
2 0
0 305850.457 4297326.541 0.0 0.0
0 305833.763 4296825.154 0.0 0.0
3 0
0 305850.457 4297326.541 0.0 0.0
0 304849.347 4297359.874 0.0 0.0
0 0
0 310850.457 4297326.541 0.0 0.0
0 311082.463 4298050.507 0.0 0.0
1 0
0 310850.457 4297326.541 0.0 0.0
0 311764.882 4297033.500 0.0 0.0
2 0
0 310850.457 4297326.541 0.0 0.0
0 310618.451 4296602.575 0.0 0.0
3 0
0 310850.457 4297326.541 0.0 0.0
0 309936.032 4297619.582 0.0 0.0
0 0
0 305850.457 4302326.541 0.0 0.0
0 305828.184 4302728.694 0.0 0.0
1 0
0 305850.457 4302326.541 0.0 0.0
0 306352.457 4302354.344 0.0 0.0
2 0
0 305850.457 4302326.541 0.0 0.0
0 305872.730 4301924.388 0.0 0.0
3 0
0 305850.457 4302326.541 0.0 0.0
0 305348.457 4302298.738 0.0 0.0
END