polyline
3 0
0 303350.457 4179826.541 0.0 0.0
1 285372.064 4153179.058 0.0 0.0
3 0
0 308350.457 4179826.541 0.0 0.0
1 290063.532 4154062.429 0.0 0.0
3 0
0 313350.457 4179826.541 0.0 0.0
1 295127.897 4154659.234 0.0 0.0
3 0
0 318350.457 4179826.541 0.0 0.0
1 300286.350 4155312.378 0.0 0.0
3 0
0 288350.457 4184826.541 0.0 0.0
1 270371.304 4158174.737 0.0 0.0
3 0
0 293350.457 4184826.541 0.0 0.0
1 274908.258 4158453.485 0.0 0.0
3 0
0 298350.457 4184826.541 0.0 0.0
1 279397.307 4159105.864 0.0 0.0
3 0
0 303350.457 4184826.541 0.0 0.0
1 284164.546 4159614.111 0.0 0.0
3 0
0 308350.457 4184826.541 0.0 0.0
1 289454.708 4159555.753 0.0 0.0
3 0
0 313350.457 4184826.541 0.0 0.0
1 294769.758 4159757.147 0.0 0.0
3 0
0 318350.457 4184826.541 0.0 0.0
1 299962.364 4160281.165 0.0 0.0
3 0
0 273350.457 4189826.541 0.0 0.0
1 255602.417 4164970.175 0.0 0.0
3 0
0 278350.457 4189826.541 0.0 0.0
1 260025.305 4164789.704 0.0 0.0
3 0
0 283350.457 4189826.541 0.0 0.0
1 264375.142 4164928.556 0.0 0.0
3 0
0 288350.457 4189826.541 0.0 0.0
1 268768.052 4165265.216 0.0 0.0
3 0
0 293350.457 4189826.541 0.0 0.0
1 273334.332 4165618.847 0.0 0.0
3 0
0 298350.457 4189826.541 0.0 0.0
1 278306.333 4165585.151 0.0 0.0
3 0
0 303350.457 4189826.541 0.0 0.0
1 283672.965 4165183.163 0.0 0.0
3 0
0 308350.457 4189826.541 0.0 0.0
1 289089.694 4164985.428 0.0 0.0
3 0
0 313350.457 4189826.541 0.0 0.0
1 294483.128 4165016.581 0.0 0.0
3 0
0 318350.457 4189826.541 0.0 0.0
1 299715.119 4165387.897 0.0 0.0
3 0
0 258350.457 4194826.541 0.0 0.0
1 241153.671 4172667.635 0.0 0.0
3 0
0 263350.457 4194826.541 0.0 0.0
1 245447.639 4172291.964 0.0 0.0
3 0
0 268350.457 4194826.541 0.0 0.0
1 249711.744 4172062.116 0.0 0.0
3 0
0 273350.457 4194826.541 0.0 0.0
1 254006.363 4171946.637 0.0 0.0
3 0
0 278350.457 4194826.541 0.0 0.0
1 258376.017 4171929.308 0.0 0.0
3 0
0 283350.457 4194826.541 0.0 0.0
1 262870.115 4171976.637 0.0 0.0
3 0
0 288350.457 4194826.541 0.0 0.0
1 267565.318 4171988.252 0.0 0.0
3 0
0 293350.457 4194826.541 0.0 0.0
1 272626.376 4171653.062 0.0 0.0
3 0
0 298350.457 4194826.541 0.0 0.0
1 277944.398 4171178.533 0.0 0.0
3 0
0 303350.457 4194826.541 0.0 0.0
1 283362.362 4170797.816 0.0 0.0
3 0
0 308350.457 4194826.541 0.0 0.0
1 288832.423 4170517.964 0.0 0.0
3 0
0 313350.457 4194826.541 0.0 0.0
1 294282.186 4170387.901 0.0 0.0
3 0
0 318350.457 4194826.541 0.0 0.0
1 299581.263 4170535.293 0.0 0.0
3 0
0 323350.457 4194826.541 0.0 0.0
1 305698.938 4168737.243 0.0 0.0
3 0
0 253350.457 4199826.541 0.0 0.0
1 236087.661 4180853.696 0.0 0.0
3 0
0 258350.457 4199826.541 0.0 0.0
1 239371.277 4179229.792 0.0 0.0
3 0
0 263350.457 4199826.541 0.0 0.0
1 244030.952 4178588.962 0.0 0.0
3 0
0 268350.457 4199826.541 0.0 0.0
1 248633.980 4178358.296 0.0 0.0
3 0
0 273350.457 4199826.541 0.0 0.0
1 253024.064 4178159.546 0.0 0.0
3 0
0 278350.457 4199826.541 0.0 0.0
1 257558.385 4177982.401 0.0 0.0
3 0
0 283350.457 4199826.541 0.0 0.0
1 262278.433 4177809.637 0.0 0.0
3 0
0 288350.457 4199826.541 0.0 0.0
1 267254.261 4177513.584 0.0 0.0
3 0
0 293350.457 4199826.541 0.0 0.0
1 272435.442 4177160.154 0.0 0.0
3 0
0 298350.457 4199826.541 0.0 0.0
1 277764.297 4176796.579 0.0 0.0
3 0
0 303350.457 4199826.541 0.0 0.0
1 283200.708 4176432.239 0.0 0.0
3 0
0 308350.457 4199826.541 0.0 0.0
1 288697.316 4176088.704 0.0 0.0
3 0
0 313350.457 4199826.541 0.0 0.0
1 294187.321 4175816.465 0.0 0.0
3 0
0 318350.457 4199826.541 0.0 0.0
1 299550.966 4175743.443 0.0 0.0
3 0
0 323350.457 4199826.541 0.0 0.0
1 305773.034 4173478.429 0.0 0.0
2 0
0 253350.457 4204826.541 0.0 0.0
1 239404.217 4194282.943 0.0 0.0
3 0
0 258350.457 4204826.541 0.0 0.0
1 241041.419 4189729.418 0.0 0.0
3 0
0 263350.457 4204826.541 0.0 0.0
1 243352.724 4185743.711 0.0 0.0
3 0
0 268350.457 4204826.541 0.0 0.0
1 247183.508 4183251.233 0.0 0.0
3 0
0 273350.457 4204826.541 0.0 0.0
1 252929.962 4182200.966 0.0 0.0
3 0
0 278350.457 4204826.541 0.0 0.0
1 258464.215 4182262.792 0.0 0.0
3 0
0 283350.457 4204826.541 0.0 0.0
1 263714.861 4182623.690 0.0 0.0
3 0
0 288350.457 4204826.541 0.0 0.0
1 267777.789 4182376.321 0.0 0.0
3 0
0 293350.457 4204826.541 0.0 0.0
1 272499.248 4182466.979 0.0 0.0
3 0
0 298350.457 4204826.541 0.0 0.0
1 277805.456 4182248.019 0.0 0.0
3 0
0 303350.457 4204826.541 0.0 0.0
1 283225.756 4181955.569 0.0 0.0
3 0
0 308350.457 4204826.541 0.0 0.0
1 288717.366 4181606.439 0.0 0.0
3 0
0 313350.457 4204826.541 0.0 0.0
1 294224.060 4181238.457 0.0 0.0
3 0
0 318350.457 4204826.541 0.0 0.0
1 299642.891 4180964.483 0.0 0.0
3 0
0 323350.457 4204826.541 0.0 0.0
1 305586.832 4179341.655 0.0 0.0
2 0
0 253350.457 4209826.541 0.0 0.0
1 239692.141 4199634.055 0.0 0.0
3 0
0 258350.457 4209826.541 0.0 0.0
1 241450.867 4195268.184 0.0 0.0
3 0
0 263350.457 4209826.541 0.0 0.0
1 243572.980 4191182.630 0.0 0.0
3 0
0 268350.457 4209826.541 0.0 0.0
1 247072.943 4188503.891 0.0 0.0
3 0
0 273350.457 4209826.541 0.0 0.0
1 253060.709 4187481.630 0.0 0.0
3 0
0 278350.457 4209826.541 0.0 0.0
1 260260.411 4187221.030 0.0 0.0
3 0
0 283350.457 4209826.541 0.0 0.0
1 267345.037 4187170.594 0.0 0.0
3 0
0 288350.457 4209826.541 0.0 0.0
1 273564.584 4186975.497 0.0 0.0
3 0
0 293350.457 4209826.541 0.0 0.0
1 275774.886 4186445.887 0.0 0.0
3 0
0 298350.457 4209826.541 0.0 0.0
1 279970.757 4186273.747 0.0 0.0
3 0
0 303350.457 4209826.541 0.0 0.0
1 283894.346 4186931.441 0.0 0.0
3 0
0 308350.457 4209826.541 0.0 0.0
1 288958.697 4186911.236 0.0 0.0
3 0
0 313350.457 4209826.541 0.0 0.0
1 294432.834 4186559.375 0.0 0.0
3 0
0 318350.457 4209826.541 0.0 0.0
1 299878.041 4186145.430 0.0 0.0
3 0
0 323350.457 4209826.541 0.0 0.0
1 305523.993 4185223.152 0.0 0.0
3 0
0 328350.457 4209826.541 0.0 0.0
1 311990.695 4182167.387 0.0 0.0
2 0
0 253350.457 4214826.541 0.0 0.0
1 239832.053 4204789.111 0.0 0.0
3 0
0 258350.457 4214826.541 0.0 0.0
1 241438.528 4200134.231 0.0 0.0
3 0
0 263350.457 4214826.541 0.0 0.0
1 243588.724 4196177.322 0.0 0.0
3 0
0 268350.457 4214826.541 0.0 0.0
1 246765.740 4193295.138 0.0 0.0
3 0
0 273350.457 4214826.541 0.0 0.0
1 252382.549 4192138.214 0.0 0.0
3 0
0 278350.457 4214826.541 0.0 0.0
1 259688.091 4191858.915 0.0 0.0
3 0
0 283350.457 4214826.541 0.0 0.0
1 266842.955 4191803.157 0.0 0.0
3 0
0 288350.457 4214826.541 0.0 0.0
1 273054.723 4191658.413 0.0 0.0
3 0
0 293350.457 4214826.541 0.0 0.0
1 278794.872 4191329.437 0.0 0.0
3 0
0 298350.457 4214826.541 0.0 0.0
1 283972.463 4190719.090 0.0 0.0
3 0
0 303350.457 4214826.541 0.0 0.0
1 287980.675 4190093.382 0.0 0.0
3 0
0 308350.457 4214826.541 0.0 0.0
1 292507.354 4190326.789 0.0 0.0
3 0
0 313350.457 4214826.541 0.0 0.0
1 296239.934 4190909.152 0.0 0.0
3 0
0 318350.457 4214826.541 0.0 0.0
1 300368.961 4191165.361 0.0 0.0
3 0
0 323350.457 4214826.541 0.0 0.0
1 305778.397 4190493.637 0.0 0.0
3 0
0 328350.457 4214826.541 0.0 0.0
1 312455.149 4186776.030 0.0 0.0
2 0
0 253350.457 4219826.541 0.0 0.0
1 240071.127 4210003.659 0.0 0.0
3 0
0 258350.457 4219826.541 0.0 0.0
1 241317.457 4204868.094 0.0 0.0
3 0
0 263350.457 4219826.541 0.0 0.0
1 243491.083 4200918.439 0.0 0.0
3 0
0 268350.457 4219826.541 0.0 0.0
1 246496.968 4197986.461 0.0 0.0
3 0
0 273350.457 4219826.541 0.0 0.0
1 251663.347 4196720.167 0.0 0.0
3 0
0 278350.457 4219826.541 0.0 0.0
1 258650.527 4196402.203 0.0 0.0
3 0
0 283350.457 4219826.541 0.0 0.0
1 265025.695 4196237.892 0.0 0.0
3 0
0 288350.457 4219826.541 0.0 0.0
1 270896.245 4196008.607 0.0 0.0
3 0
0 293350.457 4219826.541 0.0 0.0
1 276830.775 4195836.936 0.0 0.0
3 0
0 298350.457 4219826.541 0.0 0.0
1 282794.499 4195686.314 0.0 0.0
3 0
0 303350.457 4219826.541 0.0 0.0
1 288628.452 4195496.033 0.0 0.0
3 0
0 308350.457 4219826.541 0.0 0.0
1 294181.137 4195217.654 0.0 0.0
3 0
0 313350.457 4219826.541 0.0 0.0
1 298314.753 4195212.027 0.0 0.0
3 0
0 318350.457 4219826.541 0.0 0.0
1 301785.954 4195277.161 0.0 0.0
3 0
0 323350.457 4219826.541 0.0 0.0
1 306624.209 4194401.533 0.0 0.0
3 0
0 328350.457 4219826.541 0.0 0.0
1 312499.735 4192648.885 0.0 0.0
2 0
0 253350.457 4224826.541 0.0 0.0
1 240325.832 4215130.760 0.0 0.0
3 0
0 258350.457 4224826.541 0.0 0.0
1 241500.428 4209938.626 0.0 0.0
3 0
0 263350.457 4224826.541 0.0 0.0
1 243451.231 4205717.951 0.0 0.0
3 0
0 268350.457 4224826.541 0.0 0.0
1 246516.750 4202927.354 0.0 0.0
3 0
0 273350.457 4224826.541 0.0 0.0
1 251219.182 4201603.310 0.0 0.0
3 0
0 278350.457 4224826.541 0.0 0.0
1 256984.615 4201102.954 0.0 0.0
3 0
0 283350.457 4224826.541 0.0 0.0
1 262518.720 4200724.382 0.0 0.0
3 0
0 288350.457 4224826.541 0.0 0.0
1 268697.679 4200703.910 0.0 0.0
3 0
0 293350.457 4224826.541 0.0 0.0
1 275264.617 4201059.448 0.0 0.0
3 0
0 298350.457 4224826.541 0.0 0.0
1 281593.971 4201633.878 0.0 0.0
3 0
0 303350.457 4224826.541 0.0 0.0
1 287609.915 4202145.815 0.0 0.0
3 0
0 308350.457 4224826.541 0.0 0.0
1 293403.230 4201832.160 0.0 0.0
3 0
0 313350.457 4224826.541 0.0 0.0
1 299708.475 4199487.099 0.0 0.0
3 0
0 318350.457 4224826.541 0.0 0.0
1 303850.321 4198708.505 0.0 0.0
3 0
0 323350.457 4224826.541 0.0 0.0
1 308262.897 4198211.757 0.0 0.0
3 0
0 328350.457 4224826.541 0.0 0.0
1 313327.924 4196432.910 0.0 0.0
3 0
0 333350.457 4224826.541 0.0 0.0
1 318578.731 4196944.161 0.0 0.0
2 0
0 253350.457 4229826.541 0.0 0.0
1 240605.963 4220156.112 0.0 0.0
3 0
0 258350.457 4229826.541 0.0 0.0
1 241857.410 4215119.825 0.0 0.0
3 0
0 263350.457 4229826.541 0.0 0.0
1 243859.947 4211036.296 0.0 0.0
3 0
0 268350.457 4229826.541 0.0 0.0
1 246955.602 4208350.554 0.0 0.0
3 0
0 273350.457 4229826.541 0.0 0.0
1 251173.208 4207123.164 0.0 0.0
3 0
0 278350.457 4229826.541 0.0 0.0
1 256107.172 4206832.053 0.0 0.0
3 0
0 283350.457 4229826.541 0.0 0.0
1 261553.505 4207143.303 0.0 0.0
3 0
0 288350.457 4229826.541 0.0 0.0
1 267368.421 4207848.096 0.0 0.0
3 0
0 293350.457 4229826.541 0.0 0.0
1 273411.906 4208746.050 0.0 0.0
3 0
0 298350.457 4229826.541 0.0 0.0
1 279545.427 4209622.503 0.0 0.0
3 0
0 303350.457 4229826.541 0.0 0.0
1 285624.263 4210183.848 0.0 0.0
3 0
0 308350.457 4229826.541 0.0 0.0
1 291713.080 4209469.172 0.0 0.0
3 0
0 313350.457 4229826.541 0.0 0.0
1 298545.840 4206301.933 0.0 0.0
3 0
0 318350.457 4229826.541 0.0 0.0
1 305351.501 4203644.635 0.0 0.0
3 0
0 323350.457 4229826.541 0.0 0.0
1 309892.285 4203241.021 0.0 0.0
3 0
0 328350.457 4229826.541 0.0 0.0
1 314581.984 4201533.565 0.0 0.0
3 0
0 333350.457 4229826.541 0.0 0.0
1 319090.074 4202070.469 0.0 0.0
2 0
0 253350.457 4234826.541 0.0 0.0
1 240958.589 4225116.926 0.0 0.0
3 0
0 258350.457 4234826.541 0.0 0.0
1 242420.245 4220409.201 0.0 0.0
3 0
0 263350.457 4234826.541 0.0 0.0
1 244702.050 4216758.690 0.0 0.0
3 0
0 268350.457 4234826.541 0.0 0.0
1 248112.826 4214324.390 0.0 0.0
3 0
0 273350.457 4234826.541 0.0 0.0
1 252550.893 4213368.386 0.0 0.0
3 0
0 278350.457 4234826.541 0.0 0.0
1 257780.395 4213451.015 0.0 0.0
3 0
0 283350.457 4234826.541 0.0 0.0
1 262327.417 4214885.644 0.0 0.0
3 0
0 288350.457 4234826.541 0.0 0.0
1 265891.261 4216250.388 0.0 0.0
3 0
0 293350.457 4234826.541 0.0 0.0
1 271459.052 4217414.935 0.0 0.0
3 0
0 298350.457 4234826.541 0.0 0.0
1 277431.238 4218312.316 0.0 0.0
3 0
0 303350.457 4234826.541 0.0 0.0
1 283562.316 4218737.347 0.0 0.0
3 0
0 308350.457 4234826.541 0.0 0.0
1 289937.929 4217564.894 0.0 0.0
3 0
0 313350.457 4234826.541 0.0 0.0
1 297737.858 4213324.602 0.0 0.0
3 0
0 318350.457 4234826.541 0.0 0.0
1 305031.234 4210845.088 0.0 0.0
3 0
0 323350.457 4234826.541 0.0 0.0
1 310838.764 4211039.565 0.0 0.0
3 0
0 328350.457 4234826.541 0.0 0.0
1 315020.994 4211419.867 0.0 0.0
3 0
0 333350.457 4234826.541 0.0 0.0
1 319067.750 4211429.658 0.0 0.0
2 0
0 253350.457 4239826.541 0.0 0.0
1 241465.667 4230095.776 0.0 0.0
3 0
0 258350.457 4239826.541 0.0 0.0
1 243366.195 4225994.196 0.0 0.0
3 0
0 263350.457 4239826.541 0.0 0.0
1 246241.373 4222851.089 0.0 0.0
3 0
0 268350.457 4239826.541 0.0 0.0
1 250075.290 4220264.531 0.0 0.0
3 0
0 273350.457 4239826.541 0.0 0.0
1 254689.469 4219868.684 0.0 0.0
3 0
0 278350.457 4239826.541 0.0 0.0
1 259972.255 4220262.802 0.0 0.0
3 0
0 283350.457 4239826.541 0.0 0.0
1 265720.175 4221122.336 0.0 0.0
3 0
0 288350.457 4239826.541 0.0 0.0
1 271244.135 4222713.531 0.0 0.0
3 0
0 293350.457 4239826.541 0.0 0.0
1 275779.554 4225412.981 0.0 0.0
3 0
0 298350.457 4239826.541 0.0 0.0
1 276511.134 4226827.889 0.0 0.0
3 0
0 303350.457 4239826.541 0.0 0.0
1 282268.754 4227237.856 0.0 0.0
3 0
0 308350.457 4239826.541 0.0 0.0
1 288768.578 4225823.577 0.0 0.0
3 0
0 313350.457 4239826.541 0.0 0.0
1 298981.981 4220724.956 0.0 0.0
3 0
0 318350.457 4239826.541 0.0 0.0
1 306776.326 4219845.502 0.0 0.0
3 0
0 323350.457 4239826.541 0.0 0.0
1 311429.299 4220971.104 0.0 0.0
3 0
0 328350.457 4239826.541 0.0 0.0
1 315791.337 4223189.823 0.0 0.0
3 0
0 333350.457 4239826.541 0.0 0.0
1 319270.858 4222219.429 0.0 0.0
3 0
0 338350.457 4239826.541 0.0 0.0
1 322271.238 4225498.088 0.0 0.0
2 0
0 253350.457 4244826.541 0.0 0.0
1 242290.245 4235276.797 0.0 0.0
2 0
0 258350.457 4244826.541 0.0 0.0
1 244986.715 4231888.298 0.0 0.0
3 0
0 263350.457 4244826.541 0.0 0.0
1 248394.574 4228484.197 0.0 0.0
3 0
0 268350.457 4244826.541 0.0 0.0
1 252506.054 4226531.054 0.0 0.0
3 0
0 273350.457 4244826.541 0.0 0.0
1 257369.431 4226554.817 0.0 0.0
3 0
0 278350.457 4244826.541 0.0 0.0
1 262779.530 4227223.074 0.0 0.0
3 0
0 283350.457 4244826.541 0.0 0.0
1 268463.456 4228236.017 0.0 0.0
3 0
0 288350.457 4244826.541 0.0 0.0
1 274322.104 4229448.201 0.0 0.0
2 0
0 293350.457 4244826.541 0.0 0.0
1 280314.293 4230828.335 0.0 0.0
2 0
0 298350.457 4244826.541 0.0 0.0
1 285344.883 4233080.385 0.0 0.0
2 0
0 303350.457 4244826.541 0.0 0.0
1 289967.720 4234686.400 0.0 0.0
2 0
0 308350.457 4244826.541 0.0 0.0
1 295251.741 4231896.501 0.0 0.0
2 0
0 313350.457 4244826.541 0.0 0.0
1 302376.378 4228742.626 0.0 0.0
2 0
0 318350.457 4244826.541 0.0 0.0
1 307315.569 4229964.172 0.0 0.0
2 0
0 323350.457 4244826.541 0.0 0.0
1 311894.711 4231976.373 0.0 0.0
2 0
0 328350.457 4244826.541 0.0 0.0
1 316248.258 4234205.211 0.0 0.0
2 0
0 333350.457 4244826.541 0.0 0.0
1 320442.506 4236295.149 0.0 0.0
2 0
0 338350.457 4244826.541 0.0 0.0
1 323253.351 4235005.779 0.0 0.0
2 0
0 253350.457 4249826.541 0.0 0.0
1 243683.767 4240643.607 0.0 0.0
2 0
0 258350.457 4249826.541 0.0 0.0
1 246988.647 4237212.943 0.0 0.0
3 0
0 263350.457 4249826.541 0.0 0.0
1 250794.481 4234116.436 0.0 0.0
3 0
0 268350.457 4249826.541 0.0 0.0
1 255171.350 4232961.416 0.0 0.0
3 0
0 273350.457 4249826.541 0.0 0.0
1 260312.383 4233337.551 0.0 0.0
2 0
0 278350.457 4249826.541 0.0 0.0
1 265850.134 4234216.940 0.0 0.0
2 0
0 283350.457 4249826.541 0.0 0.0
1 271523.453 4235332.586 0.0 0.0
2 0
0 288350.457 4249826.541 0.0 0.0
1 277206.550 4236534.413 0.0 0.0
2 0
0 293350.457 4249826.541 0.0 0.0
1 282820.745 4237713.034 0.0 0.0
2 0
0 298350.457 4249826.541 0.0 0.0
1 288313.000 4238777.463 0.0 0.0
2 0
0 303350.457 4249826.541 0.0 0.0
1 293475.151 4239866.831 0.0 0.0
2 0
0 308350.457 4249826.541 0.0 0.0
1 298249.868 4237844.728 0.0 0.0
2 0
0 313350.457 4249826.541 0.0 0.0
1 302348.054 4236849.712 0.0 0.0
2 0
0 318350.457 4249826.541 0.0 0.0
1 307088.417 4238350.640 0.0 0.0
2 0
0 323350.457 4249826.541 0.0 0.0
1 312027.694 4240980.680 0.0 0.0
2 0
0 328350.457 4249826.541 0.0 0.0
1 316679.214 4243920.404 0.0 0.0
2 0
0 333350.457 4249826.541 0.0 0.0
1 320973.883 4246395.392 0.0 0.0
2 0
0 338350.457 4249826.541 0.0 0.0
1 325075.524 4247368.520 0.0 0.0
2 0
0 253350.457 4254826.541 0.0 0.0
1 245076.765 4245303.493 0.0 0.0
2 0
0 258350.457 4254826.541 0.0 0.0
1 248939.375 4242306.991 0.0 0.0
2 0
0 263350.457 4254826.541 0.0 0.0
1 253109.428 4239852.751 0.0 0.0
2 0
0 268350.457 4254826.541 0.0 0.0
1 257815.052 4239447.104 0.0 0.0
2 0
0 273350.457 4254826.541 0.0 0.0
1 263169.000 4240077.069 0.0 0.0
2 0
0 278350.457 4254826.541 0.0 0.0
1 268711.659 4241029.698 0.0 0.0
2 0
0 283350.457 4254826.541 0.0 0.0
1 274249.319 4242104.132 0.0 0.0
2 0
0 288350.457 4254826.541 0.0 0.0
1 279683.632 4243177.744 0.0 0.0
2 0
0 293350.457 4254826.541 0.0 0.0
1 284935.025 4244145.249 0.0 0.0
2 0
0 298350.457 4254826.541 0.0 0.0
1 290040.648 4244996.886 0.0 0.0
2 0
0 303350.457 4254826.541 0.0 0.0
1 294807.074 4245508.568 0.0 0.0
2 0
0 308350.457 4254826.541 0.0 0.0
1 298415.941 4245288.380 0.0 0.0
2 0
0 313350.457 4254826.541 0.0 0.0
1 301634.939 4244632.731 0.0 0.0
2 0
0 318350.457 4254826.541 0.0 0.0
1 305717.446 4244958.925 0.0 0.0
2 0
0 323350.457 4254826.541 0.0 0.0
1 310504.281 4246989.617 0.0 0.0
2 0
0 328350.457 4254826.541 0.0 0.0
1 315772.385 4249775.536 0.0 0.0
2 0
0 333350.457 4254826.541 0.0 0.0
1 321082.518 4252238.410 0.0 0.0
2 0
0 338350.457 4254826.541 0.0 0.0
1 325858.584 4254189.739 0.0 0.0
2 0
0 253350.457 4259826.541 0.0 0.0
1 246266.502 4246848.943 0.0 0.0
2 0
0 258350.457 4259826.541 0.0 0.0
1 250459.815 4246921.442 0.0 0.0
2 0
0 263350.457 4259826.541 0.0 0.0
1 255051.951 4245678.071 0.0 0.0
2 0
0 268350.457 4259826.541 0.0 0.0
1 260079.692 4245839.793 0.0 0.0
2 0
0 273350.457 4259826.541 0.0 0.0
1 265323.839 4246446.928 0.0 0.0
2 0
0 278350.457 4259826.541 0.0 0.0
1 270535.470 4247212.810 0.0 0.0
2 0
0 283350.457 4259826.541 0.0 0.0
1 275776.289 4248143.523 0.0 0.0
2 0
0 288350.457 4259826.541 0.0 0.0
1 281007.078 4249143.351 0.0 0.0
2 0
0 293350.457 4259826.541 0.0 0.0
1 286173.505 4250087.097 0.0 0.0
2 0
0 298350.457 4259826.541 0.0 0.0
1 291133.072 4250735.883 0.0 0.0
2 0
0 303350.457 4259826.541 0.0 0.0
1 294925.893 4250599.468 0.0 0.0
2 0
0 308350.457 4259826.541 0.0 0.0
1 297999.530 4250099.289 0.0 0.0
2 0
0 313350.457 4259826.541 0.0 0.0
1 301436.966 4249935.403 0.0 0.0
2 0
0 318350.457 4259826.541 0.0 0.0
1 305905.075 4250205.037 0.0 0.0
2 0
0 323350.457 4259826.541 0.0 0.0
1 310964.216 4251167.276 0.0 0.0
2 0
0 328350.457 4259826.541 0.0 0.0
1 316322.065 4253179.282 0.0 0.0
2 0
0 333350.457 4259826.541 0.0 0.0
1 321389.523 4255932.154 0.0 0.0
2 0
0 338350.457 4259826.541 0.0 0.0
1 326470.193 4258303.182 0.0 0.0
2 0
0 253350.457 4264826.541 0.0 0.0
1 247054.546 4249828.654 0.0 0.0
2 0
0 258350.457 4264826.541 0.0 0.0
1 251562.674 4250959.925 0.0 0.0
2 0
0 263350.457 4264826.541 0.0 0.0
1 256358.366 4251649.059 0.0 0.0
2 0
0 268350.457 4264826.541 0.0 0.0
1 261418.640 4251890.844 0.0 0.0
2 0
0 273350.457 4264826.541 0.0 0.0
1 266520.133 4252468.777 0.0 0.0
2 0
0 278350.457 4264826.541 0.0 0.0
1 271691.908 4253260.881 0.0 0.0
2 0
0 283350.457 4264826.541 0.0 0.0
1 276888.010 4254166.981 0.0 0.0
2 0
0 288350.457 4264826.541 0.0 0.0
1 282053.428 4255063.664 0.0 0.0
2 0
0 293350.457 4264826.541 0.0 0.0
1 287113.818 4255769.240 0.0 0.0
2 0
0 298350.457 4264826.541 0.0 0.0
1 291041.030 4255632.904 0.0 0.0
2 0
0 303350.457 4264826.541 0.0 0.0
1 294058.425 4255051.922 0.0 0.0
2 0
0 308350.457 4264826.541 0.0 0.0
1 297883.056 4255029.237 0.0 0.0
2 0
0 313350.457 4264826.541 0.0 0.0
1 302303.929 4254998.805 0.0 0.0
2 0
0 318350.457 4264826.541 0.0 0.0
1 306933.477 4254974.171 0.0 0.0
2 0
0 323350.457 4264826.541 0.0 0.0
1 311752.586 4255144.586 0.0 0.0
2 0
0 328350.457 4264826.541 0.0 0.0
1 316673.605 4256474.720 0.0 0.0
2 0
0 333350.457 4264826.541 0.0 0.0
1 321850.893 4258767.207 0.0 0.0
2 0
0 338350.457 4264826.541 0.0 0.0
1 327094.504 4261195.989 0.0 0.0
2 0
0 253350.457 4269826.541 0.0 0.0
1 247031.393 4255651.090 0.0 0.0
2 0
0 258350.457 4269826.541 0.0 0.0
1 251773.511 4257233.426 0.0 0.0
2 0
0 263350.457 4269826.541 0.0 0.0
1 256803.921 4258212.354 0.0 0.0
2 0
0 268350.457 4269826.541 0.0 0.0
1 262411.330 4258167.577 0.0 0.0
2 0
0 273350.457 4269826.541 0.0 0.0
1 267556.252 4258643.173 0.0 0.0
2 0
0 278350.457 4269826.541 0.0 0.0
1 272653.067 4259337.384 0.0 0.0
2 0
0 283350.457 4269826.541 0.0 0.0
1 277764.539 4260084.866 0.0 0.0
2 0
0 288350.457 4269826.541 0.0 0.0
1 282819.109 4260729.265 0.0 0.0
2 0
0 293350.457 4269826.541 0.0 0.0
1 287065.054 4260706.104 0.0 0.0
2 0
0 298350.457 4269826.541 0.0 0.0
1 290419.668 4260262.164 0.0 0.0
2 0
0 303350.457 4269826.541 0.0 0.0
1 294693.730 4260138.581 0.0 0.0
2 0
0 308350.457 4269826.541 0.0 0.0
1 299096.742 4259850.907 0.0 0.0
2 0
0 313350.457 4269826.541 0.0 0.0
1 303484.376 4259687.701 0.0 0.0
2 0
0 318350.457 4269826.541 0.0 0.0
1 307860.051 4259781.952 0.0 0.0
2 0
0 323350.457 4269826.541 0.0 0.0
1 312417.417 4260061.081 0.0 0.0
2 0
0 328350.457 4269826.541 0.0 0.0
1 317342.044 4260910.671 0.0 0.0
2 0
0 333350.457 4269826.541 0.0 0.0
1 322485.331 4262150.555 0.0 0.0
2 0
0 338350.457 4269826.541 0.0 0.0
1 327727.697 4263976.175 0.0 0.0
2 0
0 258350.457 4274826.541 0.0 0.0
1 251381.143 4263988.763 0.0 0.0
2 0
0 263350.457 4274826.541 0.0 0.0
1 256584.773 4265168.125 0.0 0.0
2 0
0 268350.457 4274826.541 0.0 0.0
1 262383.759 4264999.182 0.0 0.0
2 0
0 273350.457 4274826.541 0.0 0.0
1 268336.966 4264890.436 0.0 0.0
2 0
0 278350.457 4274826.541 0.0 0.0
1 273403.615 4265324.167 0.0 0.0
2 0
0 283350.457 4274826.541 0.0 0.0
1 278394.485 4265803.236 0.0 0.0
2 0
0 288350.457 4274826.541 0.0 0.0
1 282986.571 4265899.951 0.0 0.0
2 0
0 293350.457 4274826.541 0.0 0.0
1 287045.328 4265651.586 0.0 0.0
2 0
0 298350.457 4274826.541 0.0 0.0
1 291441.694 4265309.366 0.0 0.0
2 0
0 303350.457 4274826.541 0.0 0.0
1 295659.841 4265086.645 0.0 0.0
2 0
0 308350.457 4274826.541 0.0 0.0
1 299853.491 4264904.228 0.0 0.0
2 0
0 313350.457 4274826.541 0.0 0.0
1 304091.208 4264784.932 0.0 0.0
2 0
0 318350.457 4274826.541 0.0 0.0
1 308455.637 4264803.362 0.0 0.0
2 0
0 323350.457 4274826.541 0.0 0.0
1 313136.036 4265206.513 0.0 0.0
2 0
0 328350.457 4274826.541 0.0 0.0
1 318192.064 4266263.250 0.0 0.0
2 0
0 333350.457 4274826.541 0.0 0.0
1 323370.019 4267501.677 0.0 0.0
2 0
0 338350.457 4274826.541 0.0 0.0
1 328507.218 4268568.076 0.0 0.0
2 0
0 263350.457 4279826.541 0.0 0.0
1 255975.225 4272175.639 0.0 0.0
2 0
0 268350.457 4279826.541 0.0 0.0
1 261818.209 4271975.299 0.0 0.0
1 0
0 273350.457 4279826.541 0.0 0.0
1 268098.639 4271518.960 0.0 0.0
1 0
0 278350.457 4279826.541 0.0 0.0
1 273883.015 4271218.943 0.0 0.0
1 0
0 283350.457 4279826.541 0.0 0.0
1 278732.272 4271256.893 0.0 0.0
2 0
0 288350.457 4279826.541 0.0 0.0
1 283298.128 4271106.073 0.0 0.0
2 0
0 293350.457 4279826.541 0.0 0.0
1 287697.254 4270879.173 0.0 0.0
2 0
0 298350.457 4279826.541 0.0 0.0
1 291977.721 4270597.331 0.0 0.0
2 0
0 303350.457 4279826.541 0.0 0.0
1 296188.723 4270299.929 0.0 0.0
2 0
0 308350.457 4279826.541 0.0 0.0
1 300386.630 4270033.031 0.0 0.0
2 0
0 313350.457 4279826.541 0.0 0.0
1 304645.283 4269860.401 0.0 0.0
2 0
0 318350.457 4279826.541 0.0 0.0
1 309083.983 4269893.634 0.0 0.0
2 0
0 323350.457 4279826.541 0.0 0.0
1 313950.403 4270548.288 0.0 0.0
2 0
0 328350.457 4279826.541 0.0 0.0
1 319115.643 4271760.852 0.0 0.0
2 0
0 333350.457 4279826.541 0.0 0.0
1 324299.462 4272966.958 0.0 0.0
2 0
0 263350.457 4284826.541 0.0 0.0
1 255261.443 4278914.932 0.0 0.0
1 0
0 268350.457 4284826.541 0.0 0.0
1 261112.948 4278644.324 0.0 0.0
1 0
0 273350.457 4284826.541 0.0 0.0
1 267498.426 4277867.788 0.0 0.0
1 0
0 278350.457 4284826.541 0.0 0.0
1 273627.267 4277085.371 0.0 0.0
1 0
0 283350.457 4284826.541 0.0 0.0
1 278967.282 4276644.131 0.0 0.0
1 0
0 288350.457 4284826.541 0.0 0.0
1 283614.859 4276439.842 0.0 0.0
2 0
0 293350.457 4284826.541 0.0 0.0
1 288069.722 4276149.962 0.0 0.0
2 0
0 298350.457 4284826.541 0.0 0.0
1 292393.250 4275808.106 0.0 0.0
2 0
0 303350.457 4284826.541 0.0 0.0
1 296640.072 4275457.637 0.0 0.0
2 0
0 308350.457 4284826.541 0.0 0.0
1 300876.502 4275153.589 0.0 0.0
2 0
0 313350.457 4284826.541 0.0 0.0
1 305196.127 4274978.461 0.0 0.0
2 0
0 318350.457 4284826.541 0.0 0.0
1 309763.060 4275098.515 0.0 0.0
2 0
0 323350.457 4284826.541 0.0 0.0
1 314825.101 4276055.398 0.0 0.0
2 0
0 328350.457 4284826.541 0.0 0.0
1 320027.963 4277292.828 0.0 0.0
1 0
0 273350.457 4289826.541 0.0 0.0
1 265946.876 4284273.636 0.0 0.0
1 0
0 278350.457 4289826.541 0.0 0.0
1 272220.228 4283232.668 0.0 0.0
1 0
0 283350.457 4289826.541 0.0 0.0
1 278312.682 4282250.931 0.0 0.0
1 0
0 288350.457 4289826.541 0.0 0.0
1 283705.133 4281653.472 0.0 0.0
1 0
0 293350.457 4289826.541 0.0 0.0
1 288308.893 4281333.802 0.0 0.0
2 0
0 298350.457 4289826.541 0.0 0.0
1 292716.007 4280972.229 0.0 0.0
2 0
0 303350.457 4289826.541 0.0 0.0
1 297030.905 4280605.429 0.0 0.0
2 0
0 308350.457 4289826.541 0.0 0.0
1 301333.923 4280298.551 0.0 0.0
2 0
0 313350.457 4289826.541 0.0 0.0
1 305743.671 4280155.662 0.0 0.0
2 0
0 318350.457 4289826.541 0.0 0.0
1 310509.013 4280506.430 0.0 0.0
2 0
0 323350.457 4289826.541 0.0 0.0
1 315677.295 4281614.900 0.0 0.0
1 0
0 283350.457 4294826.541 0.0 0.0
1 276595.446 4288369.723 0.0 0.0
1 0
0 288350.457 4294826.541 0.0 0.0
1 282670.766 4287231.151 0.0 0.0
1 0
0 293350.457 4294826.541 0.0 0.0
1 288293.769 4286453.976 0.0 0.0
2 0
0 298350.457 4294826.541 0.0 0.0
1 292926.933 4286097.355 0.0 0.0
2 0
0 303350.457 4294826.541 0.0 0.0
1 297353.004 4285754.944 0.0 0.0
2 0
0 308350.457 4294826.541 0.0 0.0
1 301750.826 4285475.806 0.0 0.0
2 0
0 313350.457 4294826.541 0.0 0.0
1 306277.263 4285394.378 0.0 0.0
2 0
0 318350.457 4294826.541 0.0 0.0
1 311257.021 4286043.665 0.0 0.0
1 0
0 293350.457 4299826.541 0.0 0.0
1 287202.969 4292028.199 0.0 0.0
2 0
0 298350.457 4299826.541 0.0 0.0
1 292862.542 4291213.057 0.0 0.0
2 0
0 303350.457 4299826.541 0.0 0.0
1 297586.149 4290902.307 0.0 0.0
2 0
0 308350.457 4299826.541 0.0 0.0
1 302113.606 4290684.970 0.0 0.0
2 0
0 313350.457 4299826.541 0.0 0.0
1 306802.852 4290735.966 0.0 0.0
2 0
0 303350.457 4304826.541 0.0 0.0
1 297559.536 4296091.624 0.0 0.0
2 0
0 308350.457 4304826.541 0.0 0.0
1 302407.925 4295923.550 0.0 0.0
END