polyline
3 0
0 288350.457 4184826.541 0.0 0.0
1 252392.152 4131522.934 0.0 0.0
3 0
0 298350.457 4184826.541 0.0 0.0
1 260444.156 4133385.187 0.0 0.0
3 0
0 308350.457 4184826.541 0.0 0.0
1 270558.959 4134284.965 0.0 0.0
3 0
0 318350.457 4184826.541 0.0 0.0
1 281574.271 4135735.788 0.0 0.0
3 0
0 258350.457 4194826.541 0.0 0.0
1 223956.885 4150508.729 0.0 0.0
3 0
0 268350.457 4194826.541 0.0 0.0
1 231073.030 4149297.692 0.0 0.0
3 0
0 278350.457 4194826.541 0.0 0.0
1 238401.577 4149032.076 0.0 0.0
3 0
0 288350.457 4194826.541 0.0 0.0
1 246780.179 4149149.963 0.0 0.0
3 0
0 298350.457 4194826.541 0.0 0.0
1 257538.339 4147530.526 0.0 0.0
3 0
0 308350.457 4194826.541 0.0 0.0
1 269314.389 4146209.386 0.0 0.0
3 0
0 318350.457 4194826.541 0.0 0.0
1 280812.069 4146244.046 0.0 0.0
3 0
0 258350.457 4204826.541 0.0 0.0
1 223717.891 4174610.209 0.0 0.0
3 0
0 268350.457 4204826.541 0.0 0.0
1 226006.181 4161660.082 0.0 0.0
3 0
0 278350.457 4204826.541 0.0 0.0
1 238577.973 4159699.044 0.0 0.0
3 0
0 288350.457 4204826.541 0.0 0.0
1 247205.121 4159926.101 0.0 0.0
3 0
0 298350.457 4204826.541 0.0 0.0
1 257260.454 4159669.497 0.0 0.0
3 0
0 308350.457 4204826.541 0.0 0.0
1 269084.274 4158386.338 0.0 0.0
3 0
0 318350.457 4204826.541 0.0 0.0
1 280935.325 4157102.426 0.0 0.0
3 0
0 258350.457 4214826.541 0.0 0.0
1 224300.553 4185097.678 0.0 0.0
3 0
0 268350.457 4214826.541 0.0 0.0
1 224913.810 4171356.100 0.0 0.0
3 0
0 278350.457 4214826.541 0.0 0.0
1 240809.928 4168561.703 0.0 0.0
3 0
0 288350.457 4214826.541 0.0 0.0
1 257718.502 4168428.314 0.0 0.0
3 0
0 298350.457 4214826.541 0.0 0.0
1 269594.470 4166611.640 0.0 0.0
3 0
0 308350.457 4214826.541 0.0 0.0
1 276664.251 4165827.036 0.0 0.0
3 0
0 318350.457 4214826.541 0.0 0.0
1 282387.465 4167504.180 0.0 0.0
3 0
0 328350.457 4214826.541 0.0 0.0
1 296559.840 4158725.520 0.0 0.0
3 0
0 258350.457 4224826.541 0.0 0.0
1 224466.046 4194806.670 0.0 0.0
3 0
0 268350.457 4224826.541 0.0 0.0
1 224396.236 4180591.027 0.0 0.0
3 0
0 278350.457 4224826.541 0.0 0.0
1 235308.045 4176904.005 0.0 0.0
3 0
0 288350.457 4224826.541 0.0 0.0
1 248798.930 4176204.419 0.0 0.0
3 0
0 298350.457 4224826.541 0.0 0.0
1 264777.879 4178349.620 0.0 0.0
3 0
0 308350.457 4224826.541 0.0 0.0
1 278456.004 4178837.779 0.0 0.0
3 0
0 318350.457 4224826.541 0.0 0.0
1 289350.184 4172590.470 0.0 0.0
3 0
0 328350.457 4224826.541 0.0 0.0
1 298305.392 4168039.279 0.0 0.0
3 0
0 258350.457 4234826.541 0.0 0.0
1 226528.334 4206006.746 0.0 0.0
3 0
0 268350.457 4234826.541 0.0 0.0
1 229806.098 4195831.909 0.0 0.0
3 0
0 278350.457 4234826.541 0.0 0.0
1 237768.499 4192832.181 0.0 0.0
3 0
0 288350.457 4234826.541 0.0 0.0
1 243448.773 4197698.342 0.0 0.0
3 0
0 298350.457 4234826.541 0.0 0.0
1 256485.746 4201757.427 0.0 0.0
3 0
0 308350.457 4234826.541 0.0 0.0
1 271525.401 4200303.247 0.0 0.0
3 0
0 318350.457 4234826.541 0.0 0.0
1 291712.012 4186863.634 0.0 0.0
3 0
0 328350.457 4234826.541 0.0 0.0
1 301691.531 4188013.192 0.0 0.0
2 0
0 258350.457 4244826.541 0.0 0.0
1 234983.650 4221567.767 0.0 0.0
2 0
0 268350.457 4244826.541 0.0 0.0
1 247315.595 4219626.443 0.0 0.0
2 0
0 278350.457 4244826.541 0.0 0.0
1 254183.635 4217322.549 0.0 0.0
2 0
0 288350.457 4244826.541 0.0 0.0
1 262503.656 4216910.154 0.0 0.0
2 0
0 298350.457 4244826.541 0.0 0.0
1 272833.923 4221908.683 0.0 0.0
2 0
0 308350.457 4244826.541 0.0 0.0
1 282153.023 4218966.461 0.0 0.0
2 0
0 318350.457 4244826.541 0.0 0.0
1 296280.681 4215101.802 0.0 0.0
2 0
0 328350.457 4244826.541 0.0 0.0
1 304146.060 4223583.881 0.0 0.0
2 0
0 338350.457 4244826.541 0.0 0.0
1 308156.244 4225185.017 0.0 0.0
2 0
0 258350.457 4254826.541 0.0 0.0
1 249667.926 4236710.446 0.0 0.0
2 0
0 268350.457 4254826.541 0.0 0.0
1 258985.515 4236547.307 0.0 0.0
2 0
0 278350.457 4254826.541 0.0 0.0
1 265760.421 4235297.131 0.0 0.0
2 0
0 288350.457 4254826.541 0.0 0.0
1 272389.418 4234584.534 0.0 0.0
2 0
0 298350.457 4254826.541 0.0 0.0
1 281297.560 4235959.905 0.0 0.0
2 0
0 308350.457 4254826.541 0.0 0.0
1 288472.356 4234928.929 0.0 0.0
2 0
0 318350.457 4254826.541 0.0 0.0
1 293161.617 4235163.663 0.0 0.0
2 0
0 328350.457 4254826.541 0.0 0.0
1 303305.211 4245362.782 0.0 0.0
2 0
0 338350.457 4254826.541 0.0 0.0
1 313366.693 4253553.142 0.0 0.0
2 0
0 258350.457 4264826.541 0.0 0.0
1 244514.687 4236235.994 0.0 0.0
2 0
0 268350.457 4264826.541 0.0 0.0
1 252583.125 4239763.114 0.0 0.0
2 0
0 278350.457 4264826.541 0.0 0.0
1 262335.951 4244576.389 0.0 0.0
2 0
0 288350.457 4264826.541 0.0 0.0
1 272752.712 4248686.854 0.0 0.0
2 0
0 298350.457 4264826.541 0.0 0.0
1 283193.010 4247955.049 0.0 0.0
2 0
0 308350.457 4264826.541 0.0 0.0
1 291296.674 4246419.787 0.0 0.0
2 0
0 318350.457 4264826.541 0.0 0.0
1 296638.440 4244755.576 0.0 0.0
2 0
0 328350.457 4264826.541 0.0 0.0
1 304974.725 4248363.661 0.0 0.0
2 0
0 338350.457 4264826.541 0.0 0.0
1 315833.546 4257615.012 0.0 0.0
2 0
0 258350.457 4274826.541 0.0 0.0
1 243540.077 4252947.001 0.0 0.0
2 0
0 268350.457 4274826.541 0.0 0.0
1 251778.339 4257175.633 0.0 0.0
2 0
0 278350.457 4274826.541 0.0 0.0
1 262381.614 4261149.763 0.0 0.0
2 0
0 288350.457 4274826.541 0.0 0.0
1 273367.271 4260331.616 0.0 0.0
2 0
0 298350.457 4274826.541 0.0 0.0
1 284207.529 4258626.878 0.0 0.0
2 0
0 308350.457 4274826.541 0.0 0.0
1 293039.501 4257052.569 0.0 0.0
2 0
0 318350.457 4274826.541 0.0 0.0
1 298532.237 4254579.754 0.0 0.0
2 0
0 328350.457 4274826.541 0.0 0.0
1 307965.552 4257759.181 0.0 0.0
2 0
0 338350.457 4274826.541 0.0 0.0
1 318652.289 4262340.726 0.0 0.0
1 0
0 268350.457 4284826.541 0.0 0.0
1 251905.209 4273586.714 0.0 0.0
1 0
0 278350.457 4284826.541 0.0 0.0
1 262514.302 4272718.393 0.0 0.0
2 0
0 288350.457 4284826.541 0.0 0.0
1 273606.962 4270836.036 0.0 0.0
2 0
0 298350.457 4284826.541 0.0 0.0
1 284674.387 4268659.965 0.0 0.0
2 0
0 308350.457 4284826.541 0.0 0.0
1 294252.679 4267165.364 0.0 0.0
2 0
0 318350.457 4284826.541 0.0 0.0
1 300905.941 4265203.617 0.0 0.0
2 0
0 328350.457 4284826.541 0.0 0.0
1 311518.075 4269757.863 0.0 0.0
1 0
0 288350.457 4294826.541 0.0 0.0
1 274040.712 4281018.871 0.0 0.0
2 0
0 298350.457 4294826.541 0.0 0.0
1 285047.486 4278542.876 0.0 0.0
2 0
0 308350.457 4294826.541 0.0 0.0
1 295205.768 4277093.462 0.0 0.0
2 0
0 318350.457 4294826.541 0.0 0.0
1 303828.693 4277240.537 0.0 0.0
2 0
0 308350.457 4304826.541 0.0 0.0
1 296256.608 4287229.808 0.0 0.0
END