polyline
2 0
0 263479.8650 4262902.6552 0.0 0.0
1 248809.4009 4264554.6928 0.0 0.0
2 0
0 263479.8650 4262902.6552 0.0 0.0
1 264443.6296 4286585.6731 0.0 0.0
2 0
0 263479.8650 4262902.6552 0.0 0.0
1 248593.1745 4250796.6128 0.0 0.0
2 0
0 263479.8650 4262902.6552 0.0 0.0
1 281272.9293 4281508.0090 0.0 0.0
1 0
0 312040.7717 4245611.2263 0.0 0.0
1 263479.8650 4262902.6552 0.0 0.0
1 0
0 312040.7717 4245611.2263 0.0 0.0
1 271375.3206 4229687.1795 0.0 0.0
2 0
0 271375.3206 4229687.1795 0.0 0.0
1 248637.3412 4197509.7587 0.0 0.0
2 0
0 271375.3206 4229687.1795 0.0 0.0
1 248350.4569 4203090.0314 0.0 0.0
2 0
0 271375.3206 4229687.1795 0.0 0.0
1 267317.6368 4203079.7125 0.0 0.0
2 0
0 271375.3206 4229687.1795 0.0 0.0
1 281086.4903 4217044.0534 0.0 0.0
2 0
0 271375.3206 4229687.1795 0.0 0.0
1 283770.4082 4201648.7585 0.0 0.0
END