polyline
1 0
0 312040.7717 4245611.2263 0.0 0.0
1 302661.1959 4252028.8559 0.0 0.0
1 0
0 312040.7717 4245611.2263 0.0 0.0
1 337707.3811 4251459.1103 0.0 0.0
1 0
0 312040.7717 4245611.2263 0.0 0.0
1 323950.8608 4266409.6039 0.0 0.0
1 0
0 312040.7717 4245611.2263 0.0 0.0
1 316989.8396 4257241.0732 0.0 0.0
1 0
0 312040.7717 4245611.2263 0.0 0.0
1 343029.2300 4274729.3659 0.0 0.0
1 0
0 312040.7717 4245611.2263 0.0 0.0
1 281272.9293 4281508.0090 0.0 0.0
1 0
0 312040.7717 4245611.2263 0.0 0.0
1 280581.0782 4252304.2955 0.0 0.0
1 0
0 312040.7717 4245611.2263 0.0 0.0
1 341254.4798 4243325.0632 0.0 0.0
END