17.789  42.480  19.420  42.228  90.0  15.0    0.3  0.4    3.8	0.4
17.980  39.260  19.760  37.415  90.0  15.0   -3.6  0.7   -3.8	0.4
19.420  42.228  20.468  40.019  90.0  15.0   -7.3  0.6    3.0	0.3
19.420  42.228  22.623  43.172  90.0  15.0   -1.3  0.1   -3.5	0.2
19.760  37.415  20.676  38.921  90.0  15.0  -41.3  0.4    2.7	0.8
19.760  37.415  21.320  35.813  30.0  15.0  -19.8  0.2   33.3	0.3
20.468  40.019  22.722  40.740  90.0  15.0    2.4  0.5   -3.8	0.7
20.468  40.019  20.676  38.921  90.0  15.0   -7.6  1.3    0.5	0.8
20.676  38.921  21.142  38.305  90.0  15.0   16.6  0.7  -19.3	0.4
20.676  38.921  22.277  38.904  90.0  15.0   -9.0  0.9   -5.4	1.0
21.142  38.305  21.642  38.181  90.0   2.0    1.6  0.4  -21.2	0.6
21.320  35.813  23.650  34.620  30.0  15.0   -6.7  0.2   36.5	0.3
21.642  38.181  21.818  38.386  90.0   2.0  -18.0  0.5   -5.9	0.4
21.818  38.386  22.755  38.074  90.0   2.0    1.0  0.4  -14.9	0.4
22.277  38.904  22.788  38.893  90.0  15.0   -8.9  0.9   -9.9	0.6
22.623  43.172  23.297  42.868  90.0  15.0    1.6  0.2   -2.6	0.2
22.722  40.740  24.038  40.731  90.0  15.0    4.8  0.7   -7.2	0.6
22.755  38.074  23.102  38.173  90.0  15.0   -7.0  0.4   -7.6	0.4
22.788  38.893  23.680  39.426  90.0  15.0  -13.9  0.7   -5.0	0.8
23.102  38.173  23.837  38.363  90.0  15.0   -6.8  0.3   -3.6	0.4
23.297  42.868  23.953  42.678  90.0  15.0    1.1  0.1   -2.6	0.2
23.650  34.620  24.269  34.394  30.0  15.0   -1.4  0.3   35.9	0.3
23.680  39.426  24.982  38.941  90.0  15.0   16.7  0.4   -7.1	1.0
23.680  39.426  23.890  39.752  90.0  15.0  -16.3  1.0   17.6	0.7
23.837  38.363  24.519  37.882  90.0   2.0   -2.7  0.5   -3.0	0.4
23.890  39.752  24.700  40.139  90.0  15.0  -23.7  0.8   10.6	1.0
23.953  42.678  25.612  42.625  90.0  15.0    0.2  0.1   -2.5	0.2
24.038  40.731  24.700  40.139  90.0  15.0    9.8  0.6   -3.6	0.9
24.269  34.394  24.609  34.335  30.0  15.0    6.2  0.3   35.1	0.2
24.519  37.882  25.068  38.241  90.0  15.0    0.0  0.5    5.3	0.7
24.609  34.335  25.117  35.386  90.0  15.0   -3.3  0.8   -1.7	0.4
24.609  34.335  26.526  34.360  30.0  15.0   17.1  0.7   38.8	0.6
24.700  40.139  26.167  40.414  90.0  15.0  -26.8  0.3   -2.8	0.5
24.982  38.941  25.068  38.241  90.0  15.0   19.4  0.8    4.5	0.3
24.982  38.941  25.412  39.311  90.0  15.0   -2.0  0.6   -0.7	0.4
25.068  38.241  25.604  38.674  90.0  15.0  -11.2  0.3   -7.8	0.3
25.117  35.386  25.293  36.313  90.0  15.0   -4.4  0.7   -6.8	0.4
25.293  36.313  26.349  36.442  90.0  15.0    7.7  0.4   -9.6	0.6
25.412  39.311  26.074  39.460  90.0  15.0   -1.1  0.4   -2.7	0.5
25.604  38.674  26.564  38.678  90.0  15.0   -2.1  0.2  -14.3	0.3
25.612  42.625  28.170  42.689  90.0  15.0   -0.1  0.1   -1.8	0.2
26.074  39.460  27.196  39.651  90.0  15.0   -0.9  0.4   -4.4	0.5
26.167  40.414  27.489  40.795  90.0  15.0  -26.5  0.3    5.4	0.3
26.349  36.442  27.365  36.759  90.0  15.0    4.7  0.5  -16.1	0.4
26.526  34.360  27.650  34.839  30.0  15.0   34.7  0.5   32.8	0.5
26.564  38.678  26.922  38.640  90.0  15.0    0.0  0.2  -15.2	0.4
26.922  38.640  27.520  38.610  90.0  15.0   -1.2  0.2  -15.6	0.4
27.196  39.651  27.880  40.070  90.0  15.0   -3.2  0.4   -5.1	0.4
27.365  36.759  28.650  36.906  90.0  15.0    8.6  0.6  -20.2	0.5
27.489  40.795  27.997  40.800  90.0  15.0  -27.5  0.3   -0.9	0.4
27.520  38.610  27.594  38.551  90.0  15.0    9.7  0.3  -12.8	0.3
27.594  38.551  28.354  38.503  90.0  15.0   -1.2  0.2  -16.5	0.4
27.650  34.839  28.006  35.706  30.0  15.0   49.5  0.4    3.3	0.6
27.880  40.070  28.990  40.120  90.0  15.0    0.7  0.3   -7.6	0.5
27.997  40.800  28.497  40.890  90.0  12.0  -26.9  0.3    6.8	0.4
28.006  35.706  28.272  36.215  30.0  15.0   49.0  0.5   10.6	0.5
28.170  42.689  33.714  44.310  90.0  15.0   -0.6  0.1   -0.3	0.1
28.272  36.215  28.650  36.906  90.0  15.0   18.3  1.1   14.1	0.5
28.272  36.215  29.143  36.125  30.0  15.0    6.1  0.5   27.5	1.0
28.354  38.503  28.846  38.192  90.0  15.0    8.4  0.2  -15.1	0.4
28.497  40.890  28.881  40.894  90.0  12.0  -27.9  0.3    2.3	0.4
28.524  -2.540  31.445   5.001  90.0  15.0    2.9  0.4   -4.7	0.4
28.650  36.906  29.533  37.393  90.0  15.0    3.1  0.5    3.6	0.6
28.846  38.192  28.933  37.952  90.0  15.0   15.8  0.4   -7.9	0.2
28.881  40.894  29.235  40.713  90.0  12.0  -24.6  0.3  -12.7	0.5
28.933  37.952  29.533  37.393  90.0  15.0   10.9  0.3  -14.5	0.3
28.990  40.120  29.700  40.400  90.0  15.0   -2.9  0.4   -8.8	0.5
29.143  36.125  31.267  35.017  30.0  15.0   -4.7  0.8   17.8	0.6
29.235  40.713  30.142  40.722  90.0  15.0  -27.1  0.3    5.8	0.6
29.533  37.393  31.255  38.487  90.0  15.0  -11.2  0.6   -0.8	0.4
29.700  40.400  30.770  40.580  90.0  15.0   -0.5  0.4  -10.8	0.7
30.142  40.722  30.770  40.580  90.0  15.0  -28.0  0.3    0.1	0.7
30.770  40.580  31.200  40.600  90.0  15.0  -24.6  0.2   -0.6	0.2
31.200  40.600  32.850  40.890  90.0  15.0  -24.2  0.2    5.5	0.2
31.255  38.487  31.267  35.017  90.0  15.0    4.2  0.6   -2.4	0.4
31.267  35.017  32.260  32.640  90.0  15.0    2.4  0.4    0.1	0.3
31.267  35.017  33.220  33.990  30.0  15.0    1.0  0.5    9.3	0.3
31.445   5.001  37.474   5.235  90.0  15.0    6.1  0.4   -0.1	0.4
32.260  32.640  32.484  29.893  90.0  15.0    2.3  0.3    0.6	0.3
32.484  29.893  32.896  28.820  90.0  15.0    2.3  0.2   -0.1	0.4
32.850  40.890  34.510  41.160  90.0  15.0  -24.2  0.2    8.0	0.2
32.896  28.820  34.370  27.290  90.0  15.0    2.1  0.3   -1.0	0.4
33.220  33.990  34.450  34.880  90.0  15.0    7.0  0.4   -0.5	0.4
33.714  44.310  36.036  44.822  90.0  15.0   -0.6  0.2    1.0	0.2
34.370  27.290  35.010  29.610  90.0  15.0    4.5  0.3   -2.2	0.4
34.370  27.290  35.570  25.550  90.0  15.0    3.2  0.2   -6.8	0.3
34.450  34.880  35.620  35.690  90.0  15.0    7.0  0.4   -3.5	0.4
34.510  41.160  37.129  40.617  90.0  15.0  -25.8  0.2   -0.2	0.2
35.010  29.610  35.580  31.320  90.0  15.0    4.5  0.3   -0.6	0.3
35.470  31.380  35.580  31.320  90.0  15.0    1.3  0.3   -4.3	0.3
35.470  31.380  35.720  33.680  90.0  12.0    4.4  0.3    0.1	0.3
35.570  25.550  43.840  11.790  90.0  15.0    2.9  0.2  -13.5	0.3
35.620  35.690  36.430  36.630  90.0  15.0    5.5  0.5   -7.9	0.5
35.720  33.680  36.310  34.440  90.0  15.0    3.5  0.4    3.1	0.4
36.036  44.822  39.909  43.294  90.0  15.0   -1.3  0.1    1.3	0.2
36.310  34.440  36.430  36.630  90.0  15.0    4.8  0.3    2.0	0.6
36.430  36.630  36.629  37.025  90.0  15.0    6.8  0.3   -6.4	0.3
36.629  37.025  36.830  37.420  90.0  15.0    6.8  0.3   -7.1	0.3
36.830  37.420  38.650  38.200  90.0  15.0    9.9  0.2   -2.9	0.3
37.129  40.617  39.325  39.814  90.0  15.0  -25.7  0.2   -0.4	0.3
37.474   5.235  41.513  11.378  90.0  15.0    3.0  0.3   -6.0	0.4
38.650  38.200  40.270  38.830  90.0  15.0   10.0  0.3   -5.1	0.3
39.325  39.814  39.800  39.650  90.0  15.0  -25.6  0.2    2.5	0.3
39.800  39.650  41.052  39.286  90.0  15.0  -25.3  0.2    5.8	0.3
39.909  43.294  44.442  42.251  30.0  15.0   -0.8  0.1    3.0	0.2
40.270  38.830  41.052  39.286  90.0  15.0    8.1  0.4  -11.9	0.5
40.270  38.830  42.498  36.803  90.0  15.0   -3.1  0.4    1.4	0.3
41.052  39.286  41.515  39.772  90.0  15.0    3.7  0.3   11.7	0.4
41.513  11.378  43.840  11.790  90.0  15.0    6.8  0.5   -2.6	0.3
41.515  39.772  43.237  41.305  90.0  15.0    2.3  0.3    0.3	0.3
41.515  39.772  44.477  38.762  90.0  15.0  -11.9  0.4    3.0	0.4
42.498  36.803  44.005  36.521  30.0  15.0   -1.3  0.4    3.7	0.4
43.237  41.305  44.442  42.251  90.0  15.0    2.3  0.2    2.4	0.3
43.840  11.790  59.444  15.315  90.0   0.0  -11.6  0.6  -17.1	0.4
44.005  36.521  45.587  34.893  30.0  15.0   -3.4  0.4    2.9	0.4
44.442  42.251  46.071  41.856  30.0  12.0   -2.5  0.3    8.2	0.2
44.477  38.762  47.325  37.722  90.0  15.0  -11.9  0.5   -0.2	0.3
45.587  34.893  45.820  33.440  30.0  15.0   -4.7  0.3    1.5	0.4
45.820  33.440  48.960  31.390  30.0  15.0   -1.9  0.4    5.4	0.4
46.071  41.856  47.072  41.109  30.0  12.0   -6.3  0.2    8.1	0.3
47.072  41.109  48.393  40.741  30.0  12.0   -1.8  0.2   11.6	0.3
47.325  37.722  48.580  38.213  90.0  15.0   -1.1  0.9    9.3	6.1
47.325  37.722  48.260  37.323  90.0  15.0   -1.8  4.5   -7.0	4.0
48.260  37.323  49.490  36.620  90.0  15.0   -1.1  3.7   -4.3	2.9
48.393  40.741  48.486  40.536  90.0  15.0  -10.8  0.3    6.7	0.2
48.486  40.536  48.713  40.311  90.0  15.0   -8.0  0.3   10.2	0.3
48.580  38.213  48.927  38.653  90.0  15.0    2.8  2.2    5.5	5.4
48.713  40.311  48.900  39.810  90.0  15.0  -11.3  0.4    7.1	0.2
48.900  39.810  48.927  38.653  90.0  15.0  -12.9  0.4    5.3	0.3
48.927  38.653  49.100  37.980  90.0  15.0  -16.6  4.8    6.3	2.5
48.960  31.390  51.430  29.420  30.0  15.0   -2.3  0.5    6.6	0.4
49.100  37.980  50.240  37.040  90.0  15.0  -10.9  4.0   12.0	1.2
49.490  36.620  50.860  34.460  90.0  15.0   -5.5  1.1   -1.1	0.7
49.490  36.620  51.730  35.780  90.0  15.0    4.0  2.2   -2.1	2.7
50.240  37.040  52.210  36.420  90.0  15.0   -5.3  1.9   12.0	1.4
50.860  34.460  56.480  31.000  90.0  15.0   -4.8  0.8    4.4	0.8
51.430  29.420  51.640  28.230  90.0  15.0   -6.3  0.4    4.5	0.5
51.640  28.230  54.250  26.850  30.0  15.0   -0.1  0.7    8.5	0.4
51.730  35.780  52.640  35.650  90.0  15.0    3.8  1.5   -0.2	1.7
52.210  36.420  54.560  36.780  90.0  15.0    1.0  1.4    8.7	1.3
52.640  35.650  53.720  35.890  90.0  15.0    3.7  1.3   -0.2	6.6
53.720  35.890  56.870  37.060  90.0  15.0    3.8  2.3    3.0	2.8
54.250  26.850  57.120  27.620  90.0  15.0    6.7  0.5    6.7	0.6
54.560  36.780  55.516  37.283  90.0  15.0    3.3  2.8    4.2	1.9
55.516  37.283  56.870  37.060  90.0  15.0    0.2  1.4    3.1	4.4
56.480  31.000  57.420  30.200  90.0  15.0   -5.6  1.5    6.0	0.7
56.800  34.700  57.440  32.620  90.0  15.0   -2.4  1.3    0.0	0.7
56.800  34.700  58.510  35.190  90.0  15.0   -0.4  1.1   -2.3	1.2
56.870  37.060  60.620  35.450  90.0  15.0   -2.3  0.6    7.8	1.2
57.120  27.620  57.300  26.670  90.0  15.0   -8.0  0.7    6.0	0.5
57.300  26.670  57.490  25.720  90.0  15.0  -18.3  1.0   10.0	1.2
57.300  26.670  57.790  27.440  90.0  15.0  -10.0  1.1   -4.4	1.2
57.420  30.200  57.710  29.360  90.0  15.0  -10.5  1.0    2.8	1.0
57.420  30.200  57.440  32.620  90.0  15.0   -2.3  1.5   -0.9	0.7
57.490  25.720  57.800  25.050  90.0  15.0  -15.5  1.0   14.5	1.3
57.710  29.360  57.790  27.440  90.0  15.0  -11.0  1.1    0.8	1.0
57.800  25.050  61.440  24.440  30.0  15.0    4.5  1.4   22.6	1.2
58.510  35.190  60.490  34.520  90.0  15.0    1.1  0.2   -1.8	2.0
60.010  29.160  60.970  26.910  90.0  15.0   -5.1  1.0    1.3	0.9
60.010  29.160  60.490  34.520  90.0  15.0   -5.5  1.1    0.1	0.7
60.490  34.520  60.620  35.450  90.0  15.0   -7.4  1.5    0.2	0.5
60.970  26.910  66.184  26.773  90.0  15.0   -0.8  1.1    4.5	1.3
61.440  24.440  65.890  24.900  30.0  15.0   12.1  1.3   23.6	1.7
59.444  15.315  61.766  21.121  90.0  15.0   -4.4  0.5   -2.3	0.7
61.766  21.121  65.890  24.900  90.0  15.0   -3.2  0.4   -3.4	0.8
59.444  15.315  56.976  10.234  90.0  15.0   21.6  0.8   -0.2	0.7
56.976  10.234  66.121   2.540  90.0  15.0    2.6  0.6  -26.5	0.7
33.220  33.990  36.680  39.680  90.0  15.0    0.0  0.6   -4.2   0.4
36.680  39.783  39.325  39.814  90.0  15.0    3.3  0.5   -1.7	0.4
45.450  40.429  46.647  38.933  90.0  15.0   -3.4  0.6   -1.8   0.5
43.237  41.305  45.450  40.429  90.0  15.0   -3.8  0.5    0.3	0.5
46.647  38.933  47.769  39.606  90.0  15.0   -1.4  0.5    3.5	0.9
47.769  39.606  48.292  39.531  90.0  15.0   -3.5  0.7    1.2	0.9
48.292  39.531  48.927  38.653  90.0  15.0   -3.2  1.2   -2.0	0.5



